0, 289, 4182, 0, 0, 0, 0, 0, 1, 0, 0, 0, 0, 0, 0, 0, 0, 0, 0, 1, 19, 0.00, 0.00, 0.00, 0.00, 1.00, 0.00, 0.11, 25, 255, 1.00, 0.00, 0.04, 0.03, 0.00, 0.00, 0.00, 0.00
Intrusion
0, 105, 0, 0, 0, 0, 0, 0, 0, 0, 0, 0, 0, 0, 0, 0, 0, 0, 0, 1, 1, 0.00, 0.00, 0.00, 0.00, 1.00, 0.00, 0.00, 255, 252, 0.99, 0.01, 0.00, 0.00, 0.00, 0.00, 0.00, 0.00
Intrusion
0, 105, 146, 0, 0, 0, 0, 0, 0, 0, 0, 0, 0, 0, 0, 0, 0, 0, 0, 2, 2, 0.00, 0.00, 0.00, 0.00, 1.00, 0.00, 0.00, 255, 254, 1.00, 0.01, 0.00, 0.00, 0.00, 0.00, 0.00, 0.00
Intrusion
0, 166, 949, 0, 0, 0, 0, 0, 1, 0, 0, 0, 0, 0, 0, 0, 0, 0, 0, 4, 4, 0.00, 0.00, 0.00, 0.00, 1.00, 0.00, 0.00, 10, 255, 1.00, 0.00, 0.10, 0.05, 0.00, 0.00, 0.00, 0.00
Intrusion
0, 105, 146, 0, 0, 0, 0, 0, 0, 0, 0, 0, 0, 0, 0, 0, 0, 0, 0, 1, 1, 0.00, 0.00, 0.00, 0.00, 1.00, 0.00, 0.00, 255, 254, 1.00, 0.01, 0.00, 0.00, 0.00, 0.00, 0.00, 0.00
Intrusion
0, 105, 146, 0, 0, 0, 0, 0, 0, 0, 0, 0, 0, 0, 0, 0, 0, 0, 0, 1, 1, 0.00, 0.00, 0.00, 0.00, 1.00, 0.00, 0.00, 255, 254, 1.00, 0.01, 0.00, 0.00, 0.00, 0.00, 0.00, 0.00
Intrusion
0, 47, 0, 0, 0, 0, 0, 0, 0, 0, 0, 0, 0, 0, 0, 0, 0, 0, 0, 4, 4, 0.00, 0.00, 0.00, 0.00, 1.00, 0.00, 0.00, 255, 253, 0.99, 0.01, 0.00, 0.00, 0.00, 0.00, 0.00, 0.00
Intrusion
0, 105, 147, 0, 0, 0, 0, 0, 0, 0, 0, 0, 0, 0, 0, 0, 0, 0, 0, 1, 1, 0.00, 0.00, 0.00, 0.00, 1.00, 0.00, 0.00, 255, 254, 1.00, 0.01, 0.00, 0.00, 0.00, 0.00, 0.00, 0.00
Intrusion
1, 741, 333, 0, 0, 0, 0, 0, 1, 0, 0, 0, 0, 0, 0, 0, 0, 0, 0, 1, 4, 0.00, 0.00, 0.00, 0.00, 1.00, 0.00, 1.00, 73, 132, 0.62, 0.04, 0.01, 0.02, 0.00, 0.00, 0.00, 0.00
Intrusion
0, 105, 147, 0, 0, 0, 0, 0, 0, 0, 0, 0, 0, 0, 0, 0, 0, 0, 0, 1, 1, 0.00, 0.00, 0.00, 0.00, 1.00, 0.00, 0.00, 255, 254, 1.00, 0.01, 0.00, 0.00, 0.00, 0.00, 0.00, 0.00
Intrusion
0, 231, 818, 0, 0, 0, 0, 0, 1, 0, 0, 0, 0, 0, 0, 0, 0, 0, 0, 26, 27, 0.00, 0.00, 0.00, 0.00, 1.00, 0.00, 0.07, 255, 255, 1.00, 0.00, 0.00, 0.00, 0.00, 0.00, 0.00, 0.00
Intrusion
0, 47, 0, 0, 0, 0, 0, 0, 0, 0, 0, 0, 0, 0, 0, 0, 0, 0, 0, 3, 3, 0.00, 0.00, 0.00, 0.00, 1.00, 0.00, 0.00, 255, 255, 1.00, 0.00, 0.01, 0.00, 0.00, 0.00, 0.00, 0.00
Intrusion
0, 292, 17992, 0, 0, 0, 0, 0, 1, 0, 0, 0, 0, 0, 0, 0, 0, 0, 0, 13, 16, 0.00, 0.00, 0.00, 0.00, 1.00, 0.00, 0.12, 255, 255, 1.00, 0.00, 0.00, 0.00, 0.00, 0.00, 0.00, 0.00
Intrusion
0, 226, 4153, 0, 0, 0, 0, 0, 1, 0, 0, 0, 0, 0, 0, 0, 0, 0, 0, 10, 10, 0.00, 0.00, 0.00, 0.00, 1.00, 0.00, 0.00, 46, 255, 1.00, 0.00, 0.02, 0.02, 0.00, 0.00, 0.00, 0.00
Intrusion
0, 230, 18056, 0, 0, 0, 0, 0, 1, 0, 0, 0, 0, 0, 0, 0, 0, 0, 0, 2, 2, 0.00, 0.00, 0.00, 0.00, 1.00, 0.00, 0.00, 148, 184, 1.00, 0.00, 0.01, 0.01, 0.00, 0.00, 0.00, 0.00
Intrusion
0, 201, 4783, 0, 0, 0, 0, 0, 1, 0, 0, 0, 0, 0, 0, 0, 0, 0, 0, 13, 13, 0.00, 0.00, 0.00, 0.00, 1.00, 0.00, 0.00, 13, 255, 1.00, 0.00, 0.08, 0.05, 0.00, 0.01, 0.00, 0.00
Intrusion
0, 330, 241, 0, 0, 0, 0, 0, 1, 0, 0, 0, 0, 0, 0, 0, 0, 0, 0, 3, 10, 0.00, 0.00, 0.00, 0.00, 1.00, 0.00, 0.20, 56, 255, 1.00, 0.00, 0.02, 0.02, 0.00, 0.00, 0.00, 0.00
Intrusion
0, 366, 1927, 0, 0, 0, 0, 0, 1, 0, 0, 0, 0, 0, 0, 0, 0, 0, 0, 2, 3, 0.00, 0.00, 0.00, 0.00, 1.00, 0.00, 0.67, 49, 227, 1.00, 0.00, 0.02, 0.07, 0.00, 0.00, 0.00, 0.00
Intrusion
0, 105, 146, 0, 0, 0, 0, 0, 0, 0, 0, 0, 0, 0, 0, 0, 0, 0, 0, 1, 1, 0.00, 0.00, 0.00, 0.00, 1.00, 0.00, 0.00, 255, 254, 1.00, 0.01, 0.00, 0.00, 0.00, 0.00, 0.00, 0.00
Intrusion
0, 196, 1274, 0, 0, 0, 0, 0, 1, 0, 0, 0, 0, 0, 0, 0, 0, 0, 0, 11, 12, 0.00, 0.00, 0.00, 0.00, 1.00, 0.00, 0.17, 72, 255, 1.00, 0.00, 0.01, 0.04, 0.00, 0.00, 0.00, 0.00
Intrusion
0, 274, 4841, 0, 0, 0, 0, 0, 1, 0, 0, 0, 0, 0, 0, 0, 0, 0, 0, 1, 2, 0.00, 0.00, 0.00, 0.00, 1.00, 0.00, 1.00, 93, 255, 1.00, 0.00, 0.01, 0.06, 0.00, 0.00, 0.00, 0.00
Intrusion
0, 205, 3127, 0, 0, 0, 0, 0, 1, 0, 0, 0, 0, 0, 0, 0, 0, 0, 0, 10, 26, 0.00, 0.00, 0.00, 0.00, 1.00, 0.00, 0.12, 255, 255, 1.00, 0.00, 0.00, 0.00, 0.00, 0.00, 0.00, 0.00
Intrusion
0, 292, 412, 0, 0, 0, 0, 0, 1, 0, 0, 0, 0, 0, 0, 0, 0, 0, 0, 2, 5, 0.00, 0.00, 0.00, 0.00, 1.00, 0.00, 0.40, 11, 255, 1.00, 0.00, 0.09, 0.07, 0.00, 0.00, 0.00, 0.00
Intrusion
0, 45, 136, 0, 0, 0, 0, 0, 0, 0, 0, 0, 0, 0, 0, 0, 0, 0, 0, 15, 23, 0.00, 0.00, 0.00, 0.00, 1.00, 0.00, 0.09, 255, 255, 1.00, 0.00, 0.00, 0.00, 0.00, 0.00, 0.00, 0.00
Intrusion
0, 229, 337, 0, 0, 0, 0, 0, 1, 0, 0, 0, 0, 0, 0, 0, 0, 0, 0, 10, 10, 0.00, 0.00, 0.00, 0.00, 1.00, 0.00, 0.00, 255, 255, 1.00, 0.00, 0.00, 0.00, 0.00, 0.00, 0.00, 0.00
Intrusion
0, 252, 936, 0, 0, 0, 0, 0, 1, 0, 0, 0, 0, 0, 0, 0, 0, 0, 0, 6, 6, 0.00, 0.00, 0.00, 0.00, 1.00, 0.00, 0.00, 6, 255, 1.00, 0.00, 0.17, 0.02, 0.00, 0.00, 0.00, 0.00
Intrusion
0, 105, 145, 0, 0, 0, 0, 0, 0, 0, 0, 0, 0, 0, 0, 0, 0, 0, 0, 3, 3, 0.00, 0.00, 0.00, 0.00, 1.00, 0.00, 0.00, 255, 255, 1.00, 0.00, 0.00, 0.00, 0.00, 0.00, 0.00, 0.00
Intrusion
0, 196, 478, 0, 0, 0, 0, 0, 1, 0, 0, 0, 0, 0, 0, 0, 0, 0, 0, 16, 70, 0.00, 0.00, 0.00, 0.00, 1.00, 0.00, 0.07, 184, 255, 1.00, 0.00, 0.01, 0.01, 0.00, 0.00, 0.00, 0.00
Intrusion
0, 105, 0, 0, 0, 0, 0, 0, 0, 0, 0, 0, 0, 0, 0, 0, 0, 0, 0, 1, 1, 0.00, 0.00, 0.00, 0.00, 1.00, 0.00, 0.00, 255, 253, 0.99, 0.01, 0.01, 0.00, 0.00, 0.00, 0.00, 0.00
Intrusion
0, 105, 147, 0, 0, 0, 0, 0, 0, 0, 0, 0, 0, 0, 0, 0, 0, 0, 0, 1, 1, 0.00, 0.00, 0.00, 0.00, 1.00, 0.00, 0.00, 255, 254, 1.00, 0.01, 0.00, 0.00, 0.00, 0.00, 0.00, 0.00
Intrusion
0, 215, 2263, 0, 0, 0, 0, 0, 1, 0, 0, 0, 0, 0, 0, 0, 0, 0, 0, 14, 14, 0.00, 0.00, 0.00, 0.00, 1.00, 0.00, 0.00, 168, 255, 1.00, 0.00, 0.01, 0.01, 0.01, 0.00, 0.00, 0.00
Intrusion
0, 210, 5200, 0, 0, 0, 0, 0, 1, 0, 0, 0, 0, 0, 0, 0, 0, 0, 0, 6, 6, 0.00, 0.00, 0.00, 0.00, 1.00, 0.00, 0.00, 255, 255, 1.00, 0.00, 0.00, 0.00, 0.00, 0.00, 0.00, 0.00
Intrusion
4, 30, 93, 0, 0, 0, 0, 0, 1, 0, 0, 0, 0, 0, 0, 0, 0, 0, 0, 1, 1, 0.00, 0.00, 0.00, 0.00, 1.00, 0.00, 0.00, 255, 250, 0.98, 0.01, 0.00, 0.00, 0.00, 0.00, 0.01, 0.00
Intrusion
0, 207, 431, 0, 0, 0, 0, 0, 1, 0, 0, 0, 0, 0, 0, 0, 0, 0, 0, 4, 11, 0.00, 0.00, 0.00, 0.00, 1.00, 0.00, 0.18, 255, 255, 1.00, 0.00, 0.00, 0.00, 0.00, 0.00, 0.00, 0.00
Intrusion
0, 274, 844, 0, 0, 0, 0, 0, 1, 0, 0, 0, 0, 0, 0, 0, 0, 0, 0, 23, 23, 0.00, 0.00, 0.00, 0.00, 1.00, 0.00, 0.00, 105, 255, 1.00, 0.00, 0.01, 0.02, 0.00, 0.00, 0.00, 0.00
Intrusion
0, 105, 105, 0, 0, 0, 0, 0, 0, 0, 0, 0, 0, 0, 0, 0, 0, 0, 0, 3, 3, 0.00, 0.00, 0.00, 0.00, 1.00, 0.00, 0.00, 255, 255, 1.00, 0.00, 0.00, 0.00, 0.00, 0.00, 0.00, 0.00
Intrusion
0, 105, 146, 0, 0, 0, 0, 0, 0, 0, 0, 0, 0, 0, 0, 0, 0, 0, 0, 1, 1, 0.00, 0.00, 0.00, 0.00, 1.00, 0.00, 0.00, 255, 254, 1.00, 0.01, 0.00, 0.00, 0.00, 0.00, 0.00, 0.00
Intrusion
0, 251, 1529, 0, 0, 0, 0, 0, 1, 0, 0, 0, 0, 0, 0, 0, 0, 0, 0, 13, 34, 0.00, 0.00, 0.00, 0.00, 1.00, 0.00, 0.06, 175, 255, 1.00, 0.00, 0.01, 0.01, 0.00, 0.00, 0.00, 0.00
Intrusion
0, 338, 1512, 0, 0, 0, 0, 0, 1, 0, 0, 0, 0, 0, 0, 0, 0, 0, 0, 12, 12, 0.00, 0.00, 0.00, 0.00, 1.00, 0.00, 0.00, 255, 255, 1.00, 0.00, 0.00, 0.00, 0.00, 0.00, 0.00, 0.00
Intrusion
0, 105, 146, 0, 0, 0, 0, 0, 0, 0, 0, 0, 0, 0, 0, 0, 0, 0, 0, 2, 2, 0.00, 0.00, 0.00, 0.00, 1.00, 0.00, 0.00, 255, 254, 1.00, 0.01, 0.01, 0.00, 0.00, 0.00, 0.00, 0.00
Intrusion
0, 207, 570, 0, 0, 0, 0, 0, 1, 0, 0, 0, 0, 0, 0, 0, 0, 0, 0, 4, 4, 0.00, 0.00, 0.00, 0.00, 1.00, 0.00, 0.00, 168, 255, 1.00, 0.00, 0.01, 0.02, 0.00, 0.00, 0.00, 0.00
Intrusion
0, 105, 146, 0, 0, 0, 0, 0, 0, 0, 0, 0, 0, 0, 0, 0, 0, 0, 0, 2, 2, 0.00, 0.00, 0.00, 0.00, 1.00, 0.00, 0.00, 255, 252, 0.99, 0.01, 0.00, 0.00, 0.00, 0.00, 0.00, 0.00
Intrusion
0, 323, 2263, 0, 0, 0, 0, 0, 1, 0, 0, 0, 0, 0, 0, 0, 0, 0, 0, 8, 8, 0.00, 0.00, 0.00, 0.00, 1.00, 0.00, 0.00, 182, 255, 1.00, 0.00, 0.01, 0.02, 0.00, 0.00, 0.00, 0.00
Intrusion
0, 1377, 331, 0, 0, 0, 0, 0, 1, 0, 0, 0, 0, 0, 0, 0, 0, 0, 0, 1, 1, 0.00, 0.00, 0.00, 0.00, 1.00, 0.00, 0.00, 239, 141, 0.55, 0.02, 0.00, 0.01, 0.00, 0.04, 0.00, 0.00
Intrusion
0, 228, 1788, 0, 0, 0, 0, 0, 1, 0, 0, 0, 0, 0, 0, 0, 0, 0, 0, 6, 6, 0.00, 0.00, 0.00, 0.00, 1.00, 0.00, 0.00, 6, 243, 1.00, 0.00, 0.17, 0.06, 0.00, 0.00, 0.00, 0.00
Intrusion
0, 299, 1861, 0, 0, 0, 0, 0, 1, 0, 0, 0, 0, 0, 0, 0, 0, 0, 0, 29, 29, 0.00, 0.00, 0.00, 0.00, 1.00, 0.00, 0.00, 87, 255, 1.00, 0.00, 0.01, 0.01, 0.00, 0.00, 0.00, 0.00
Intrusion
1, 2599, 293, 0, 0, 0, 0, 0, 1, 0, 0, 0, 0, 0, 0, 0, 0, 0, 0, 3, 3, 0.00, 0.00, 0.00, 0.00, 1.00, 0.00, 0.00, 255, 246, 0.96, 0.04, 0.00, 0.00, 0.00, 0.00, 0.03, 0.00
Intrusion
0, 105, 146, 0, 0, 0, 0, 0, 0, 0, 0, 0, 0, 0, 0, 0, 0, 0, 0, 1, 1, 0.00, 0.00, 0.00, 0.00, 1.00, 0.00, 0.00, 255, 254, 1.00, 0.01, 0.00, 0.00, 0.00, 0.00, 0.00, 0.00
Intrusion
1, 2599, 293, 0, 0, 0, 0, 0, 1, 0, 0, 0, 0, 0, 0, 0, 0, 0, 0, 2, 2, 0.00, 0.00, 0.00, 0.00, 1.00, 0.00, 0.00, 255, 245, 0.96, 0.04, 0.00, 0.00, 0.00, 0.00, 0.03, 0.00
Intrusion
0, 205, 622, 0, 0, 0, 0, 0, 1, 0, 0, 0, 0, 0, 0, 0, 0, 0, 0, 6, 6, 0.00, 0.00, 0.00, 0.00, 1.00, 0.00, 0.00, 255, 255, 1.00, 0.00, 0.00, 0.00, 0.00, 0.00, 0.00, 0.00
Intrusion
0, 843, 330, 0, 0, 0, 0, 0, 1, 0, 0, 0, 0, 0, 0, 0, 0, 0, 0, 1, 1, 0.00, 0.00, 0.00, 0.00, 1.00, 0.00, 0.00, 24, 160, 0.88, 0.17, 0.04, 0.01, 0.00, 0.00, 0.04, 0.02
Intrusion
0, 339, 1181, 0, 0, 0, 0, 0, 1, 0, 0, 0, 0, 0, 0, 0, 0, 0, 0, 23, 27, 0.00, 0.00, 0.00, 0.00, 1.00, 0.00, 0.11, 255, 255, 1.00, 0.00, 0.00, 0.00, 0.00, 0.00, 0.00, 0.00
Intrusion
0, 105, 147, 0, 0, 0, 0, 0, 0, 0, 0, 0, 0, 0, 0, 0, 0, 0, 0, 1, 1, 0.00, 0.00, 0.00, 0.00, 1.00, 0.00, 0.00, 255, 254, 1.00, 0.01, 0.00, 0.00, 0.00, 0.00, 0.00, 0.00
Intrusion
0, 105, 0, 0, 0, 0, 0, 0, 0, 0, 0, 0, 0, 0, 0, 0, 0, 0, 0, 1, 1, 0.00, 0.00, 0.00, 0.00, 1.00, 0.00, 0.00, 255, 253, 0.99, 0.01, 0.00, 0.00, 0.00, 0.00, 0.00, 0.00
Intrusion
0, 235, 2239, 0, 0, 0, 0, 0, 1, 0, 0, 0, 0, 0, 0, 0, 0, 0, 0, 6, 6, 0.00, 0.00, 0.00, 0.00, 1.00, 0.00, 0.00, 255, 233, 0.91, 0.02, 0.00, 0.00, 0.00, 0.00, 0.00, 0.00
Intrusion
0, 105, 0, 0, 0, 0, 0, 0, 0, 0, 0, 0, 0, 0, 0, 0, 0, 0, 0, 1, 1, 0.00, 0.00, 0.00, 0.00, 1.00, 0.00, 0.00, 255, 253, 0.99, 0.01, 0.00, 0.00, 0.00, 0.00, 0.00, 0.00
Intrusion
0, 231, 267, 0, 0, 0, 0, 0, 1, 0, 0, 0, 0, 0, 0, 0, 0, 0, 0, 3, 3, 0.00, 0.00, 0.00, 0.00, 1.00, 0.00, 0.00, 208, 255, 1.00, 0.00, 0.00, 0.02, 0.00, 0.00, 0.00, 0.00
Intrusion
0, 105, 146, 0, 0, 0, 0, 0, 0, 0, 0, 0, 0, 0, 0, 0, 0, 0, 0, 1, 1, 0.00, 0.00, 0.00, 0.00, 1.00, 0.00, 0.00, 255, 254, 1.00, 0.01, 0.00, 0.00, 0.00, 0.00, 0.00, 0.00
Intrusion
0, 46, 0, 0, 0, 0, 0, 0, 0, 0, 0, 0, 0, 0, 0, 0, 0, 0, 0, 3, 3, 0.00, 0.00, 0.00, 0.00, 1.00, 0.00, 0.00, 255, 254, 1.00, 0.01, 0.01, 0.00, 0.00, 0.00, 0.00, 0.00
Intrusion
0, 310, 453, 0, 0, 0, 0, 0, 1, 0, 0, 0, 0, 0, 0, 0, 0, 0, 0, 15, 15, 0.00, 0.00, 0.00, 0.00, 1.00, 0.00, 0.00, 92, 231, 1.00, 0.00, 0.01, 0.03, 0.00, 0.00, 0.00, 0.00
Intrusion
0, 172, 787, 0, 0, 0, 0, 0, 1, 0, 0, 0, 0, 0, 0, 0, 0, 0, 0, 3, 3, 0.00, 0.00, 0.00, 0.00, 1.00, 0.00, 0.00, 3, 255, 1.00, 0.00, 0.33, 0.04, 0.00, 0.00, 0.00, 0.00
Intrusion
0, 105, 146, 0, 0, 0, 0, 0, 0, 0, 0, 0, 0, 0, 0, 0, 0, 0, 0, 1, 1, 0.00, 0.00, 0.00, 0.00, 1.00, 0.00, 0.00, 255, 253, 0.99, 0.01, 0.00, 0.00, 0.00, 0.00, 0.00, 0.00
Intrusion
0, 105, 146, 0, 0, 0, 0, 0, 0, 0, 0, 0, 0, 0, 0, 0, 0, 0, 0, 1, 1, 0.00, 0.00, 0.00, 0.00, 1.00, 0.00, 0.00, 255, 254, 1.00, 0.01, 0.00, 0.00, 0.00, 0.00, 0.00, 0.00
Intrusion
0, 298, 1795, 0, 0, 0, 0, 0, 1, 0, 0, 0, 0, 0, 0, 0, 0, 0, 0, 3, 22, 0.00, 0.00, 0.00, 0.00, 1.00, 0.00, 0.27, 7, 190, 1.00, 0.00, 0.14, 0.05, 0.00, 0.00, 0.00, 0.00
Intrusion
0, 283, 1950, 0, 0, 0, 0, 0, 1, 0, 0, 0, 0, 0, 0, 0, 0, 0, 0, 22, 24, 0.00, 0.00, 0.00, 0.00, 1.00, 0.00, 0.12, 209, 255, 1.00, 0.00, 0.00, 0.02, 0.00, 0.00, 0.00, 0.00
Intrusion
0, 251, 2838, 0, 0, 0, 0, 0, 1, 0, 0, 0, 0, 0, 0, 0, 0, 0, 0, 10, 11, 0.00, 0.00, 0.00, 0.00, 1.00, 0.00, 0.18, 196, 255, 1.00, 0.00, 0.01, 0.02, 0.01, 0.01, 0.00, 0.00
Intrusion
0, 105, 147, 0, 0, 0, 0, 0, 0, 0, 0, 0, 0, 0, 0, 0, 0, 0, 0, 1, 1, 0.00, 0.00, 0.00, 0.00, 1.00, 0.00, 0.00, 255, 254, 1.00, 0.01, 0.00, 0.00, 0.00, 0.00, 0.00, 0.00
Intrusion
0, 45, 0, 0, 0, 0, 0, 0, 0, 0, 0, 0, 0, 0, 0, 0, 0, 0, 0, 2, 2, 0.00, 0.00, 0.00, 0.00, 1.00, 0.00, 0.00, 255, 254, 1.00, 0.01, 0.01, 0.00, 0.00, 0.00, 0.00, 0.00
Intrusion
0, 198, 3557, 0, 0, 0, 0, 0, 1, 0, 0, 0, 0, 0, 0, 0, 0, 0, 0, 10, 10, 0.00, 0.00, 0.00, 0.00, 1.00, 0.00, 0.00, 79, 255, 1.00, 0.00, 0.01, 0.04, 0.00, 0.00, 0.00, 0.00
Intrusion
852, 334, 284, 0, 0, 0, 0, 0, 1, 0, 0, 0, 0, 0, 0, 0, 0, 0, 0, 8, 8, 0.00, 0.00, 0.00, 0.00, 1.00, 0.00, 0.00, 255, 251, 0.98, 0.01, 0.00, 0.00, 0.00, 0.00, 0.00, 0.00
Intrusion
0, 194, 2392, 0, 0, 0, 0, 0, 1, 0, 0, 0, 0, 0, 0, 0, 0, 0, 0, 17, 17, 0.00, 0.00, 0.00, 0.00, 1.00, 0.00, 0.00, 59, 255, 1.00, 0.00, 0.02, 0.01, 0.00, 0.00, 0.00, 0.00
Intrusion
5, 28, 93, 0, 0, 0, 0, 0, 1, 0, 0, 0, 0, 0, 0, 0, 0, 0, 0, 1, 1, 0.00, 0.00, 0.00, 0.00, 1.00, 0.00, 0.00, 195, 176, 0.90, 0.02, 0.01, 0.00, 0.00, 0.00, 0.05, 0.00
Intrusion
4, 30, 93, 0, 0, 0, 0, 0, 1, 0, 0, 0, 0, 0, 0, 0, 0, 0, 0, 1, 1, 0.00, 0.00, 0.00, 0.00, 1.00, 0.00, 0.00, 255, 253, 0.99, 0.01, 0.00, 0.00, 0.00, 0.00, 0.00, 0.00
Intrusion
0, 105, 0, 0, 0, 0, 0, 0, 0, 0, 0, 0, 0, 0, 0, 0, 0, 0, 0, 1, 1, 0.00, 0.00, 0.00, 0.00, 1.00, 0.00, 0.00, 255, 252, 0.99, 0.01, 0.00, 0.00, 0.00, 0.00, 0.00, 0.00
Intrusion
0, 198, 1159, 0, 0, 0, 0, 0, 1, 0, 0, 0, 0, 0, 0, 0, 0, 0, 0, 4, 4, 0.00, 0.00, 0.00, 0.00, 1.00, 0.00, 0.00, 255, 255, 1.00, 0.00, 0.00, 0.00, 0.00, 0.00, 0.00, 0.00
Intrusion
0, 326, 3415, 0, 0, 0, 0, 0, 1, 0, 0, 0, 0, 0, 0, 0, 0, 0, 0, 16, 42, 0.00, 0.00, 0.00, 0.00, 1.00, 0.00, 0.07, 48, 255, 1.00, 0.00, 0.02, 0.03, 0.00, 0.00, 0.00, 0.00
Intrusion
0, 290, 1741, 0, 0, 0, 0, 0, 1, 0, 0, 0, 0, 0, 0, 0, 0, 0, 0, 15, 15, 0.00, 0.00, 0.00, 0.00, 1.00, 0.00, 0.00, 255, 255, 1.00, 0.00, 0.00, 0.00, 0.00, 0.00, 0.00, 0.00
Intrusion
0, 105, 0, 0, 0, 0, 0, 0, 0, 0, 0, 0, 0, 0, 0, 0, 0, 0, 0, 1, 1, 0.00, 0.00, 0.00, 0.00, 1.00, 0.00, 0.00, 255, 253, 0.99, 0.01, 0.00, 0.00, 0.00, 0.00, 0.00, 0.00
Intrusion
4, 30, 93, 0, 0, 0, 0, 0, 1, 0, 0, 0, 0, 0, 0, 0, 0, 0, 0, 1, 1, 0.00, 0.00, 0.00, 0.00, 1.00, 0.00, 0.00, 255, 249, 0.98, 0.01, 0.00, 0.00, 0.00, 0.00, 0.00, 0.00
Intrusion
0, 105, 146, 0, 0, 0, 0, 0, 0, 0, 0, 0, 0, 0, 0, 0, 0, 0, 0, 2, 2, 0.00, 0.00, 0.00, 0.00, 1.00, 0.00, 0.00, 255, 254, 1.00, 0.01, 0.00, 0.00, 0.00, 0.00, 0.00, 0.00
Intrusion
7, 244, 20759, 0, 0, 0, 0, 0, 1, 0, 0, 0, 0, 0, 0, 0, 0, 0, 0, 2, 2, 0.00, 0.00, 0.00, 0.00, 1.00, 0.00, 0.00, 26, 255, 1.00, 0.00, 0.04, 0.02, 0.00, 0.00, 0.00, 0.00
Intrusion
0, 218, 282, 0, 0, 0, 0, 0, 1, 0, 0, 0, 0, 0, 0, 0, 0, 0, 0, 7, 7, 0.00, 0.00, 0.00, 0.00, 1.00, 0.00, 0.00, 38, 255, 1.00, 0.00, 0.03, 0.04, 0.00, 0.00, 0.00, 0.00
Intrusion
1, 2599, 293, 0, 0, 0, 0, 0, 1, 0, 0, 0, 0, 0, 0, 0, 0, 0, 0, 3, 3, 0.00, 0.00, 0.00, 0.00, 1.00, 0.00, 0.00, 255, 247, 0.97, 0.04, 0.00, 0.00, 0.00, 0.00, 0.03, 0.00
Intrusion
0, 208, 3732, 0, 0, 0, 0, 0, 1, 0, 0, 0, 0, 0, 0, 0, 0, 0, 0, 18, 19, 0.00, 0.00, 0.00, 0.00, 1.00, 0.00, 0.11, 43, 255, 1.00, 0.00, 0.02, 0.02, 0.00, 0.00, 0.00, 0.00
Intrusion
0, 142, 44796, 0, 0, 0, 0, 0, 1, 0, 0, 0, 0, 0, 0, 0, 0, 0, 0, 1, 1, 0.00, 0.00, 0.00, 0.00, 1.00, 0.00, 0.00, 31, 255, 1.00, 0.00, 0.03, 0.03, 0.00, 0.00, 0.00, 0.00
Intrusion
0, 255, 4352, 0, 0, 0, 0, 0, 1, 0, 0, 0, 0, 0, 0, 0, 0, 0, 0, 2, 2, 0.00, 0.00, 0.00, 0.00, 1.00, 0.00, 0.00, 78, 255, 1.00, 0.00, 0.01, 0.02, 0.00, 0.00, 0.00, 0.00
Intrusion
0, 312, 5446, 0, 0, 0, 0, 0, 1, 0, 0, 0, 0, 0, 0, 0, 0, 0, 0, 10, 19, 0.00, 0.00, 0.00, 0.00, 1.00, 0.00, 0.21, 130, 130, 1.00, 0.00, 0.01, 0.00, 0.00, 0.00, 0.00, 0.00
Intrusion
0, 105, 146, 0, 0, 0, 0, 0, 0, 0, 0, 0, 0, 0, 0, 0, 0, 0, 0, 1, 1, 0.00, 0.00, 0.00, 0.00, 1.00, 0.00, 0.00, 255, 254, 1.00, 0.01, 0.00, 0.00, 0.00, 0.00, 0.00, 0.00
Intrusion
0, 299, 2605, 0, 0, 0, 0, 0, 1, 0, 0, 0, 0, 0, 0, 0, 0, 0, 0, 19, 19, 0.00, 0.00, 0.00, 0.00, 1.00, 0.00, 0.00, 255, 255, 1.00, 0.00, 0.00, 0.00, 0.00, 0.00, 0.00, 0.00
Intrusion
0, 344, 316, 0, 0, 0, 0, 0, 1, 0, 0, 0, 0, 0, 0, 0, 0, 0, 0, 18, 18, 0.00, 0.00, 0.00, 0.00, 1.00, 0.00, 0.00, 44, 255, 1.00, 0.00, 0.02, 0.05, 0.00, 0.00, 0.00, 0.00
Intrusion
0, 376, 1665, 0, 0, 0, 0, 0, 1, 0, 0, 0, 0, 0, 0, 0, 0, 0, 0, 8, 8, 0.00, 0.00, 0.00, 0.00, 1.00, 0.00, 0.00, 244, 255, 1.00, 0.00, 0.00, 0.01, 0.00, 0.00, 0.00, 0.00
Intrusion
0, 105, 105, 0, 0, 0, 0, 0, 0, 0, 0, 0, 0, 0, 0, 0, 0, 0, 0, 1, 1, 0.00, 0.00, 0.00, 0.00, 1.00, 0.00, 0.00, 255, 253, 0.99, 0.01, 0.00, 0.00, 0.00, 0.00, 0.00, 0.00
Intrusion
0, 280, 4317, 0, 0, 0, 0, 0, 1, 0, 0, 0, 0, 0, 0, 0, 0, 0, 0, 5, 5, 0.00, 0.00, 0.00, 0.00, 1.00, 0.00, 0.00, 5, 255, 1.00, 0.00, 0.20, 0.05, 0.00, 0.00, 0.00, 0.00
Intrusion
0, 334, 799, 0, 0, 0, 0, 0, 1, 0, 0, 0, 0, 0, 0, 0, 0, 0, 0, 2, 2, 0.00, 0.00, 0.00, 0.00, 1.00, 0.00, 0.00, 240, 255, 1.00, 0.00, 0.00, 0.01, 0.00, 0.00, 0.00, 0.00
Intrusion
4, 30, 93, 0, 0, 0, 0, 0, 1, 0, 0, 0, 0, 0, 0, 0, 0, 0, 0, 1, 1, 0.00, 0.00, 0.00, 0.00, 1.00, 0.00, 0.00, 255, 255, 1.00, 0.00, 0.00, 0.00, 0.00, 0.00, 0.00, 0.00
Intrusion
0, 296, 3012, 0, 0, 0, 0, 0, 1, 0, 0, 0, 0, 0, 0, 0, 0, 0, 0, 2, 36, 0.00, 0.00, 0.00, 0.00, 1.00, 0.00, 0.08, 17, 255, 1.00, 0.00, 0.06, 0.05, 0.00, 0.00, 0.00, 0.00
Intrusion
0, 318, 12585, 0, 0, 0, 0, 0, 1, 0, 0, 0, 0, 0, 0, 0, 0, 0, 0, 25, 25, 0.00, 0.00, 0.00, 0.00, 1.00, 0.00, 0.00, 100, 255, 1.00, 0.00, 0.01, 0.02, 0.00, 0.00, 0.00, 0.00
Intrusion
0, 195, 14629, 0, 0, 0, 0, 0, 1, 0, 0, 0, 0, 0, 0, 0, 0, 0, 0, 1, 1, 0.00, 0.00, 0.00, 0.00, 1.00, 0.00, 0.00, 255, 255, 1.00, 0.00, 0.00, 0.00, 0.00, 0.00, 0.00, 0.00
Intrusion
0, 243, 1230, 0, 0, 0, 0, 0, 1, 0, 0, 0, 0, 0, 0, 0, 0, 0, 0, 13, 13, 0.00, 0.00, 0.00, 0.00, 1.00, 0.00, 0.00, 188, 255, 1.00, 0.00, 0.01, 0.01, 0.00, 0.00, 0.00, 0.00
Intrusion
0, 30, 217, 0, 0, 0, 0, 0, 1, 0, 0, 0, 0, 0, 0, 0, 0, 0, 0, 1, 1, 0.00, 0.00, 0.00, 0.00, 1.00, 0.00, 0.00, 37, 6, 0.16, 0.14, 0.03, 0.00, 0.00, 0.00, 0.00, 0.00
Intrusion
4, 30, 93, 0, 0, 0, 0, 0, 1, 0, 0, 0, 0, 0, 0, 0, 0, 0, 0, 1, 1, 0.00, 0.00, 0.00, 0.00, 1.00, 0.00, 0.00, 255, 249, 0.98, 0.01, 0.00, 0.00, 0.00, 0.00, 0.00, 0.00
Intrusion
0, 304, 7324, 0, 0, 0, 0, 0, 1, 0, 0, 0, 0, 0, 0, 0, 0, 0, 0, 24, 42, 0.00, 0.00, 0.00, 0.00, 1.00, 0.00, 0.14, 255, 255, 1.00, 0.00, 0.01, 0.00, 0.00, 0.00, 0.00, 0.00
Intrusion
0, 285, 1537, 0, 0, 0, 0, 0, 1, 0, 0, 0, 0, 0, 0, 0, 0, 0, 0, 1, 1, 0.00, 0.00, 0.00, 0.00, 1.00, 0.00, 0.00, 70, 255, 1.00, 0.00, 0.01, 0.04, 0.00, 0.00, 0.00, 0.00
Intrusion
0, 212, 731, 0, 0, 0, 0, 0, 1, 0, 0, 0, 0, 0, 0, 0, 0, 0, 0, 11, 11, 0.00, 0.00, 0.00, 0.00, 1.00, 0.00, 0.00, 255, 255, 1.00, 0.00, 0.00, 0.00, 0.00, 0.00, 0.00, 0.00
Intrusion
1, 2599, 293, 0, 0, 0, 0, 0, 1, 0, 0, 0, 0, 0, 0, 0, 0, 0, 0, 3, 3, 0.00, 0.00, 0.00, 0.00, 1.00, 0.00, 0.00, 255, 247, 0.97, 0.04, 0.00, 0.00, 0.00, 0.00, 0.03, 0.00
Intrusion
0, 105, 146, 0, 0, 0, 0, 0, 0, 0, 0, 0, 0, 0, 0, 0, 0, 0, 0, 1, 1, 0.00, 0.00, 0.00, 0.00, 1.00, 0.00, 0.00, 255, 254, 1.00, 0.01, 0.00, 0.00, 0.00, 0.00, 0.00, 0.00
Intrusion
0, 275, 308, 0, 0, 0, 0, 0, 1, 0, 0, 0, 0, 0, 0, 0, 0, 0, 0, 10, 16, 0.00, 0.00, 0.00, 0.00, 1.00, 0.00, 0.19, 255, 255, 1.00, 0.00, 0.00, 0.00, 0.00, 0.00, 0.00, 0.00
Intrusion
0, 246, 3033, 0, 0, 0, 0, 0, 1, 0, 0, 0, 0, 0, 0, 0, 0, 0, 0, 3, 3, 0.00, 0.00, 0.00, 0.00, 1.00, 0.00, 0.00, 118, 255, 1.00, 0.00, 0.01, 0.02, 0.00, 0.00, 0.00, 0.00
Intrusion
0, 105, 146, 0, 0, 0, 0, 0, 0, 0, 0, 0, 0, 0, 0, 0, 0, 0, 0, 2, 2, 0.00, 0.00, 0.00, 0.00, 1.00, 0.00, 0.00, 255, 254, 1.00, 0.01, 0.00, 0.00, 0.00, 0.00, 0.00, 0.00
Intrusion
0, 208, 668, 0, 0, 0, 0, 0, 1, 0, 0, 0, 0, 0, 0, 0, 0, 0, 0, 4, 6, 0.00, 0.00, 0.00, 0.00, 1.00, 0.00, 0.33, 237, 255, 1.00, 0.00, 0.00, 0.01, 0.00, 0.00, 0.00, 0.00
Intrusion
0, 42, 42, 0, 0, 0, 0, 0, 0, 0, 0, 0, 0, 0, 0, 0, 0, 0, 0, 7, 11, 0.00, 0.00, 0.00, 0.00, 1.00, 0.00, 0.18, 255, 255, 1.00, 0.00, 0.00, 0.00, 0.00, 0.00, 0.00, 0.00
Intrusion
0, 240, 17693, 0, 0, 0, 0, 0, 1, 0, 0, 0, 0, 0, 0, 0, 0, 0, 0, 10, 14, 0.00, 0.00, 0.00, 0.00, 1.00, 0.00, 0.14, 10, 225, 1.00, 0.00, 0.10, 0.09, 0.00, 0.00, 0.00, 0.00
Intrusion
0, 329, 1022, 0, 0, 0, 0, 0, 1, 0, 0, 0, 0, 0, 0, 0, 0, 0, 0, 15, 15, 0.00, 0.00, 0.00, 0.00, 1.00, 0.00, 0.00, 224, 255, 1.00, 0.00, 0.00, 0.02, 0.00, 0.00, 0.00, 0.00
Intrusion
0, 0, 83, 0, 0, 0, 0, 0, 1, 0, 0, 0, 0, 0, 0, 0, 0, 0, 0, 1, 1, 0.00, 0.00, 0.00, 0.00, 1.00, 0.00, 0.00, 255, 120, 0.47, 0.02, 0.00, 0.00, 0.00, 0.00, 0.00, 0.00
Intrusion
0, 105, 145, 0, 0, 0, 0, 0, 0, 0, 0, 0, 0, 0, 0, 0, 0, 0, 0, 3, 3, 0.00, 0.00, 0.00, 0.00, 1.00, 0.00, 0.00, 255, 254, 1.00, 0.01, 0.00, 0.00, 0.00, 0.00, 0.00, 0.00
Intrusion
0, 44, 0, 0, 0, 0, 0, 0, 0, 0, 0, 0, 0, 0, 0, 0, 0, 0, 0, 3, 3, 0.00, 0.00, 0.00, 0.00, 1.00, 0.00, 0.00, 255, 255, 1.00, 0.00, 0.01, 0.00, 0.00, 0.00, 0.00, 0.00
Intrusion
0, 359, 6790, 0, 0, 0, 0, 0, 1, 0, 0, 0, 0, 0, 0, 0, 0, 0, 0, 10, 28, 0.00, 0.00, 0.00, 0.00, 1.00, 0.00, 0.11, 10, 227, 1.00, 0.00, 0.10, 0.05, 0.00, 0.00, 0.00, 0.00
Intrusion
0, 244, 480, 0, 0, 0, 0, 0, 1, 0, 0, 0, 0, 0, 0, 0, 0, 0, 0, 3, 3, 0.00, 0.00, 0.00, 0.00, 1.00, 0.00, 0.00, 255, 255, 1.00, 0.00, 0.00, 0.00, 0.00, 0.00, 0.00, 0.00
Intrusion
0, 281, 962, 0, 0, 0, 0, 0, 1, 0, 0, 0, 0, 0, 0, 0, 0, 0, 0, 4, 4, 0.00, 0.00, 0.00, 0.00, 1.00, 0.00, 0.00, 58, 237, 1.00, 0.00, 0.02, 0.05, 0.00, 0.00, 0.00, 0.00
Intrusion
1, 2599, 293, 0, 0, 0, 0, 0, 1, 0, 0, 0, 0, 0, 0, 0, 0, 0, 0, 3, 3, 0.00, 0.00, 0.00, 0.00, 1.00, 0.00, 0.00, 255, 246, 0.96, 0.04, 0.00, 0.00, 0.00, 0.00, 0.03, 0.00
Intrusion
0, 105, 147, 0, 0, 0, 0, 0, 0, 0, 0, 0, 0, 0, 0, 0, 0, 0, 0, 2, 2, 0.00, 0.00, 0.00, 0.00, 1.00, 0.00, 0.00, 255, 254, 1.00, 0.01, 0.00, 0.00, 0.00, 0.00, 0.00, 0.00
Intrusion
0, 205, 1701, 0, 0, 0, 0, 0, 1, 0, 0, 0, 0, 0, 0, 0, 0, 0, 0, 10, 12, 0.00, 0.00, 0.00, 0.00, 1.00, 0.00, 0.25, 255, 255, 1.00, 0.00, 0.00, 0.00, 0.00, 0.00, 0.00, 0.00
Intrusion
4, 30, 93, 0, 0, 0, 0, 0, 1, 0, 0, 0, 0, 0, 0, 0, 0, 0, 0, 1, 1, 0.00, 0.00, 0.00, 0.00, 1.00, 0.00, 0.00, 255, 253, 0.99, 0.01, 0.00, 0.00, 0.00, 0.00, 0.00, 0.00
Intrusion
3, 946, 331, 0, 0, 0, 0, 0, 1, 0, 0, 0, 0, 0, 0, 0, 0, 0, 0, 1, 2, 0.00, 0.00, 0.00, 0.00, 1.00, 0.00, 1.00, 85, 168, 0.88, 0.06, 0.01, 0.01, 0.00, 0.00, 0.01, 0.01
Intrusion
0, 105, 0, 0, 0, 0, 0, 0, 0, 0, 0, 0, 0, 0, 0, 0, 0, 0, 0, 1, 1, 0.00, 0.00, 0.00, 0.00, 1.00, 0.00, 0.00, 255, 253, 0.99, 0.01, 0.00, 0.00, 0.00, 0.00, 0.00, 0.00
Intrusion
0, 233, 1075, 0, 0, 0, 0, 0, 1, 0, 0, 0, 0, 0, 0, 0, 0, 0, 0, 5, 5, 0.00, 0.00, 0.00, 0.00, 1.00, 0.00, 0.00, 255, 242, 0.95, 0.02, 0.00, 0.00, 0.01, 0.00, 0.01, 0.00
Intrusion
0, 1168, 335, 0, 0, 0, 0, 0, 1, 0, 0, 0, 0, 0, 0, 0, 0, 0, 0, 2, 3, 0.00, 0.00, 0.00, 0.00, 1.00, 0.00, 0.67, 234, 213, 0.91, 0.03, 0.01, 0.00, 0.00, 0.00, 0.01, 0.01
Intrusion
0, 262, 5957, 0, 0, 0, 0, 0, 1, 0, 0, 0, 0, 0, 0, 0, 0, 0, 0, 19, 19, 0.00, 0.00, 0.00, 0.00, 1.00, 0.00, 0.00, 159, 255, 1.00, 0.00, 0.01, 0.02, 0.00, 0.00, 0.00, 0.00
Intrusion
0, 42, 42, 0, 0, 0, 0, 0, 0, 0, 0, 0, 0, 0, 0, 0, 0, 0, 0, 9, 19, 0.00, 0.00, 0.00, 0.00, 1.00, 0.00, 0.16, 186, 142, 0.76, 0.02, 0.01, 0.00, 0.00, 0.00, 0.00, 0.00
Intrusion
0, 105, 146, 0, 0, 0, 0, 0, 0, 0, 0, 0, 0, 0, 0, 0, 0, 0, 0, 1, 1, 0.00, 0.00, 0.00, 0.00, 1.00, 0.00, 0.00, 255, 253, 0.99, 0.01, 0.00, 0.00, 0.00, 0.00, 0.00, 0.00
Intrusion
0, 105, 146, 0, 0, 0, 0, 0, 0, 0, 0, 0, 0, 0, 0, 0, 0, 0, 0, 2, 2, 0.00, 0.00, 0.00, 0.00, 1.00, 0.00, 0.00, 255, 254, 1.00, 0.01, 0.00, 0.00, 0.00, 0.00, 0.00, 0.00
Intrusion
4, 30, 93, 0, 0, 0, 0, 0, 1, 0, 0, 0, 0, 0, 0, 0, 0, 0, 0, 1, 1, 0.00, 0.00, 0.00, 0.00, 1.00, 0.00, 0.00, 255, 249, 0.98, 0.01, 0.00, 0.00, 0.00, 0.00, 0.00, 0.00
Intrusion
0, 8, 222, 0, 0, 0, 0, 0, 0, 0, 0, 0, 0, 0, 0, 0, 0, 0, 0, 1, 1, 0.00, 0.00, 0.00, 0.00, 1.00, 0.00, 0.00, 183, 5, 0.03, 0.02, 0.01, 0.00, 0.00, 0.00, 0.00, 0.00
Intrusion
0, 355, 2756, 0, 0, 0, 0, 0, 1, 0, 0, 0, 0, 0, 0, 0, 0, 0, 0, 8, 17, 0.00, 0.00, 0.00, 0.00, 1.00, 0.00, 0.35, 255, 255, 1.00, 0.00, 0.00, 0.00, 0.00, 0.00, 0.00, 0.00
Intrusion
0, 286, 292, 0, 0, 0, 0, 0, 1, 0, 0, 0, 0, 0, 0, 0, 0, 0, 0, 5, 7, 0.00, 0.00, 0.00, 0.00, 1.00, 0.00, 0.29, 255, 255, 1.00, 0.00, 0.00, 0.00, 0.00, 0.00, 0.00, 0.00
Intrusion
0, 217, 6590, 0, 0, 0, 0, 0, 1, 0, 0, 0, 0, 0, 0, 0, 0, 0, 0, 9, 9, 0.00, 0.00, 0.00, 0.00, 1.00, 0.00, 0.00, 42, 255, 1.00, 0.00, 0.02, 0.02, 0.00, 0.00, 0.00, 0.00
Intrusion
0, 43, 109, 0, 0, 0, 0, 0, 0, 0, 0, 0, 0, 0, 0, 0, 0, 0, 0, 1, 1, 0.00, 0.00, 0.00, 0.00, 1.00, 0.00, 0.00, 5, 246, 1.00, 0.00, 1.00, 0.01, 0.00, 0.00, 0.00, 0.00
Intrusion
0, 212, 5046, 0, 0, 0, 0, 0, 1, 0, 0, 0, 0, 0, 0, 0, 0, 0, 0, 13, 13, 0.00, 0.00, 0.00, 0.00, 1.00, 0.00, 0.00, 33, 249, 1.00, 0.00, 0.03, 0.01, 0.00, 0.00, 0.00, 0.00
Intrusion
0, 158, 7772, 0, 0, 0, 0, 0, 1, 0, 0, 0, 0, 0, 0, 0, 0, 0, 0, 1, 1, 0.00, 0.00, 0.00, 0.00, 1.00, 0.00, 0.00, 48, 255, 1.00, 0.00, 0.02, 0.02, 0.00, 0.00, 0.00, 0.00
Intrusion
0, 105, 147, 0, 0, 0, 0, 0, 0, 0, 0, 0, 0, 0, 0, 0, 0, 0, 0, 1, 1, 0.00, 0.00, 0.00, 0.00, 1.00, 0.00, 0.00, 255, 254, 1.00, 0.01, 0.00, 0.00, 0.00, 0.00, 0.00, 0.00
Intrusion
0, 238, 13790, 0, 0, 0, 0, 0, 1, 0, 0, 0, 0, 0, 0, 0, 0, 0, 0, 13, 13, 0.00, 0.00, 0.00, 0.00, 1.00, 0.00, 0.00, 13, 255, 1.00, 0.00, 0.08, 0.04, 0.00, 0.00, 0.00, 0.00
Intrusion
0, 298, 1042, 0, 0, 0, 0, 0, 1, 0, 0, 0, 0, 0, 0, 0, 0, 0, 0, 7, 7, 0.00, 0.00, 0.00, 0.00, 1.00, 0.00, 0.00, 44, 255, 1.00, 0.00, 0.02, 0.03, 0.00, 0.00, 0.00, 0.00
Intrusion
0, 48, 48, 0, 0, 0, 0, 0, 0, 0, 0, 0, 0, 0, 0, 0, 0, 0, 0, 1, 1, 0.00, 0.00, 0.00, 0.00, 1.00, 0.00, 0.00, 255, 9, 0.04, 0.01, 0.04, 0.00, 0.00, 0.00, 0.00, 0.00
Intrusion
0, 205, 3127, 0, 0, 0, 0, 0, 1, 0, 0, 0, 0, 0, 0, 0, 0, 0, 0, 22, 22, 0.00, 0.00, 0.00, 0.00, 1.00, 0.00, 0.00, 255, 255, 1.00, 0.00, 0.00, 0.00, 0.00, 0.00, 0.00, 0.00
Intrusion
1, 3660, 329, 0, 0, 0, 0, 0, 1, 0, 0, 0, 0, 0, 0, 0, 0, 0, 0, 1, 2, 0.00, 0.00, 0.00, 0.00, 1.00, 0.00, 1.00, 3, 165, 1.00, 0.00, 0.33, 0.01, 0.00, 0.00, 0.00, 0.00
Intrusion
0, 105, 146, 0, 0, 0, 0, 0, 0, 0, 0, 0, 0, 0, 0, 0, 0, 0, 0, 1, 1, 0.00, 0.00, 0.00, 0.00, 1.00, 0.00, 0.00, 255, 254, 1.00, 0.01, 0.00, 0.00, 0.00, 0.00, 0.00, 0.00
Intrusion
0, 302, 391, 0, 0, 0, 0, 0, 1, 0, 0, 0, 0, 0, 0, 0, 0, 0, 0, 15, 15, 0.00, 0.00, 0.00, 0.00, 1.00, 0.00, 0.00, 86, 255, 1.00, 0.00, 0.01, 0.01, 0.00, 0.00, 0.00, 0.00
Intrusion
0, 280, 2156, 0, 0, 0, 0, 0, 1, 0, 0, 0, 0, 0, 0, 0, 0, 0, 0, 17, 21, 0.00, 0.00, 0.00, 0.00, 1.00, 0.00, 0.10, 255, 255, 1.00, 0.00, 0.00, 0.00, 0.00, 0.00, 0.00, 0.00
Intrusion
0, 312, 4980, 0, 0, 0, 0, 0, 1, 0, 0, 0, 0, 0, 0, 0, 0, 0, 0, 5, 5, 0.00, 0.00, 0.00, 0.00, 1.00, 0.00, 0.00, 24, 181, 1.00, 0.00, 0.04, 0.04, 0.04, 0.01, 0.00, 0.00
Intrusion
0, 379, 898, 0, 0, 0, 0, 0, 1, 0, 0, 0, 0, 0, 0, 0, 0, 0, 0, 7, 7, 0.00, 0.00, 0.00, 0.00, 1.00, 0.00, 0.00, 255, 255, 1.00, 0.00, 0.00, 0.00, 0.00, 0.00, 0.00, 0.00
Intrusion
0, 105, 146, 0, 0, 0, 0, 0, 0, 0, 0, 0, 0, 0, 0, 0, 0, 0, 0, 1, 1, 0.00, 0.00, 0.00, 0.00, 1.00, 0.00, 0.00, 255, 254, 1.00, 0.01, 0.00, 0.00, 0.00, 0.00, 0.00, 0.00
Intrusion
0, 125, 174, 0, 0, 0, 0, 1, 0, 0, 0, 0, 0, 0, 0, 0, 0, 0, 0, 1, 1, 0.00, 0.00, 0.00, 0.00, 1.00, 0.00, 0.00, 255, 43, 0.17, 0.02, 0.00, 0.00, 0.00, 0.00, 0.01, 0.05
Intrusion
0, 315, 3310, 0, 0, 0, 0, 0, 1, 0, 0, 0, 0, 0, 0, 0, 0, 0, 0, 5, 5, 0.00, 0.00, 0.00, 0.00, 1.00, 0.00, 0.00, 5, 255, 1.00, 0.00, 0.20, 0.02, 0.00, 0.00, 0.00, 0.00
Intrusion
0, 320, 2944, 0, 0, 0, 0, 0, 1, 0, 0, 0, 0, 0, 0, 0, 0, 0, 0, 9, 9, 0.00, 0.00, 0.00, 0.00, 1.00, 0.00, 0.00, 102, 255, 1.00, 0.00, 0.01, 0.02, 0.00, 0.00, 0.00, 0.00
Intrusion
0, 314, 2534, 0, 0, 0, 0, 0, 1, 0, 0, 0, 0, 0, 0, 0, 0, 0, 0, 20, 27, 0.00, 0.00, 0.00, 0.00, 1.00, 0.00, 0.15, 255, 255, 1.00, 0.00, 0.00, 0.00, 0.00, 0.00, 0.00, 0.00
Intrusion
0, 247, 593, 0, 0, 0, 0, 0, 1, 0, 0, 0, 0, 0, 0, 0, 0, 0, 0, 28, 29, 0.00, 0.00, 0.00, 0.00, 1.00, 0.00, 0.07, 255, 255, 1.00, 0.00, 0.00, 0.00, 0.00, 0.00, 0.00, 0.00
Intrusion
0, 299, 3946, 0, 0, 0, 0, 0, 1, 0, 0, 0, 0, 0, 0, 0, 0, 0, 0, 2, 2, 0.00, 0.00, 0.00, 0.00, 1.00, 0.00, 0.00, 2, 255, 1.00, 0.00, 0.50, 0.04, 0.00, 0.00, 0.00, 0.00
Intrusion
0, 229, 1556, 0, 0, 0, 0, 0, 1, 0, 0, 0, 0, 0, 0, 0, 0, 0, 0, 12, 22, 0.00, 0.00, 0.00, 0.00, 1.00, 0.00, 0.14, 126, 255, 1.00, 0.00, 0.01, 0.02, 0.00, 0.00, 0.00, 0.00
Intrusion
0, 1306, 339, 0, 0, 0, 0, 0, 1, 0, 0, 0, 0, 0, 0, 0, 0, 0, 0, 1, 1, 0.00, 0.00, 0.00, 0.00, 1.00, 0.00, 0.00, 126, 163, 0.76, 0.03, 0.01, 0.01, 0.00, 0.00, 0.01, 0.01
Intrusion
0, 282, 10009, 0, 0, 0, 0, 0, 1, 0, 0, 0, 0, 0, 0, 0, 0, 0, 0, 6, 6, 0.00, 0.00, 0.00, 0.00, 1.00, 0.00, 0.00, 36, 255, 1.00, 0.00, 0.03, 0.02, 0.00, 0.00, 0.00, 0.00
Intrusion
0, 215, 3550, 0, 0, 0, 0, 0, 1, 0, 0, 0, 0, 0, 0, 0, 0, 0, 0, 8, 8, 0.00, 0.00, 0.00, 0.00, 1.00, 0.00, 0.00, 255, 255, 1.00, 0.00, 0.00, 0.00, 0.00, 0.00, 0.00, 0.00
Intrusion
0, 255, 270, 0, 0, 0, 0, 0, 1, 0, 0, 0, 0, 0, 0, 0, 0, 0, 0, 1, 9, 0.00, 0.00, 0.00, 0.00, 1.00, 0.00, 0.44, 197, 255, 1.00, 0.00, 0.01, 0.02, 0.01, 0.00, 0.00, 0.00
Intrusion
0, 105, 146, 0, 0, 0, 0, 0, 0, 0, 0, 0, 0, 0, 0, 0, 0, 0, 0, 1, 1, 0.00, 0.00, 0.00, 0.00, 1.00, 0.00, 0.00, 255, 254, 1.00, 0.01, 0.00, 0.00, 0.00, 0.00, 0.00, 0.00
Intrusion
0, 105, 147, 0, 0, 0, 0, 0, 0, 0, 0, 0, 0, 0, 0, 0, 0, 0, 0, 2, 2, 0.00, 0.00, 0.00, 0.00, 1.00, 0.00, 0.00, 255, 253, 0.99, 0.01, 0.00, 0.00, 0.00, 0.00, 0.00, 0.00
Intrusion
0, 204, 4101, 0, 0, 0, 0, 0, 1, 0, 0, 0, 0, 0, 0, 0, 0, 0, 0, 4, 19, 0.00, 0.00, 0.00, 0.00, 1.00, 0.00, 0.11, 27, 255, 1.00, 0.00, 0.04, 0.02, 0.00, 0.00, 0.00, 0.00
Intrusion
0, 293, 1230, 0, 0, 0, 0, 0, 1, 0, 0, 0, 0, 0, 0, 0, 0, 0, 0, 11, 11, 0.00, 0.00, 0.00, 0.00, 1.00, 0.00, 0.00, 255, 255, 1.00, 0.00, 0.00, 0.00, 0.00, 0.00, 0.00, 0.00
Intrusion
0, 312, 15416, 0, 0, 0, 0, 0, 1, 0, 0, 0, 0, 0, 0, 0, 0, 0, 0, 2, 2, 0.00, 0.00, 0.00, 0.00, 1.00, 0.00, 0.00, 255, 255, 1.00, 0.00, 0.00, 0.00, 0.00, 0.00, 0.00, 0.00
Intrusion
0, 311, 301, 0, 0, 0, 0, 0, 1, 0, 0, 0, 0, 0, 0, 0, 0, 0, 0, 2, 2, 0.00, 0.00, 0.00, 0.00, 1.00, 0.00, 0.00, 255, 255, 1.00, 0.00, 0.00, 0.00, 0.00, 0.00, 0.00, 0.00
Intrusion
1, 2599, 293, 0, 0, 0, 0, 0, 1, 0, 0, 0, 0, 0, 0, 0, 0, 0, 0, 3, 3, 0.00, 0.00, 0.00, 0.00, 1.00, 0.00, 0.00, 255, 246, 0.96, 0.04, 0.00, 0.00, 0.00, 0.00, 0.04, 0.00
Intrusion
0, 324, 13335, 0, 0, 0, 0, 0, 1, 0, 0, 0, 0, 0, 0, 0, 0, 0, 0, 6, 10, 0.00, 0.00, 0.00, 0.00, 1.00, 0.00, 0.20, 255, 255, 1.00, 0.00, 0.00, 0.00, 0.00, 0.00, 0.00, 0.00
Intrusion
0, 105, 146, 0, 0, 0, 0, 0, 0, 0, 0, 0, 0, 0, 0, 0, 0, 0, 0, 2, 2, 0.00, 0.00, 0.00, 0.00, 1.00, 0.00, 0.00, 255, 254, 1.00, 0.01, 0.00, 0.00, 0.00, 0.00, 0.00, 0.00
Intrusion
4, 30, 93, 0, 0, 0, 0, 0, 1, 0, 0, 0, 0, 0, 0, 0, 0, 0, 0, 1, 1, 0.00, 0.00, 0.00, 0.00, 1.00, 0.00, 0.00, 255, 250, 0.98, 0.01, 0.00, 0.00, 0.00, 0.00, 0.00, 0.00
Intrusion
0, 105, 147, 0, 0, 0, 0, 0, 0, 0, 0, 0, 0, 0, 0, 0, 0, 0, 0, 2, 2, 0.00, 0.00, 0.00, 0.00, 1.00, 0.00, 0.00, 255, 254, 1.00, 0.01, 0.00, 0.00, 0.00, 0.00, 0.00, 0.00
Intrusion
1, 2599, 293, 0, 0, 0, 0, 0, 1, 0, 0, 0, 0, 0, 0, 0, 0, 0, 0, 2, 2, 0.00, 0.00, 0.00, 0.00, 1.00, 0.00, 0.00, 255, 246, 0.96, 0.04, 0.00, 0.00, 0.00, 0.00, 0.04, 0.00
Intrusion
0, 211, 856, 0, 0, 0, 0, 0, 1, 0, 0, 0, 0, 0, 0, 0, 0, 0, 0, 3, 3, 0.00, 0.00, 0.00, 0.00, 1.00, 0.00, 0.00, 39, 255, 1.00, 0.00, 0.03, 0.02, 0.00, 0.00, 0.00, 0.00
Intrusion
0, 105, 146, 0, 0, 0, 0, 0, 0, 0, 0, 0, 0, 0, 0, 0, 0, 0, 0, 2, 2, 0.00, 0.00, 0.00, 0.00, 1.00, 0.00, 0.00, 255, 254, 1.00, 0.01, 0.00, 0.00, 0.00, 0.00, 0.00, 0.00
Intrusion
0, 277, 661, 0, 0, 0, 0, 0, 1, 0, 0, 0, 0, 0, 0, 0, 0, 0, 0, 2, 3, 0.00, 0.00, 0.00, 0.00, 1.00, 0.00, 0.67, 255, 255, 1.00, 0.00, 0.00, 0.00, 0.00, 0.00, 0.00, 0.00
Intrusion
0, 45, 114, 0, 0, 0, 0, 0, 0, 0, 0, 0, 0, 0, 0, 0, 0, 0, 0, 5, 8, 0.00, 0.00, 0.00, 0.00, 1.00, 0.00, 0.25, 255, 247, 0.97, 0.01, 0.00, 0.00, 0.00, 0.00, 0.00, 0.00
Intrusion
0, 310, 1420, 0, 0, 0, 0, 0, 1, 0, 0, 0, 0, 0, 0, 0, 0, 0, 0, 2, 9, 0.00, 0.00, 0.00, 0.00, 1.00, 0.00, 0.44, 2, 107, 1.00, 0.00, 0.50, 0.05, 0.00, 0.00, 0.00, 0.00
Intrusion
0, 105, 146, 0, 0, 0, 0, 0, 0, 0, 0, 0, 0, 0, 0, 0, 0, 0, 0, 2, 2, 0.00, 0.00, 0.00, 0.00, 1.00, 0.00, 0.00, 255, 254, 1.00, 0.01, 0.00, 0.00, 0.00, 0.00, 0.00, 0.00
Intrusion
0, 365, 949, 0, 0, 0, 0, 0, 1, 0, 0, 0, 0, 0, 0, 0, 0, 0, 0, 25, 25, 0.00, 0.00, 0.00, 0.00, 1.00, 0.00, 0.00, 251, 255, 1.00, 0.00, 0.00, 0.01, 0.00, 0.00, 0.00, 0.00
Intrusion
0, 282, 1783, 0, 0, 0, 0, 0, 1, 0, 0, 0, 0, 0, 0, 0, 0, 0, 0, 22, 23, 0.00, 0.00, 0.00, 0.00, 1.00, 0.00, 0.09, 22, 255, 1.00, 0.00, 0.05, 0.03, 0.00, 0.00, 0.00, 0.00
Intrusion
0, 320, 1931, 0, 0, 0, 0, 0, 1, 0, 0, 0, 0, 0, 0, 0, 0, 0, 0, 1, 34, 0.00, 0.00, 0.00, 0.00, 1.00, 0.00, 0.24, 255, 255, 1.00, 0.00, 0.00, 0.00, 0.00, 0.00, 0.00, 0.00
Intrusion
5, 28, 93, 0, 0, 0, 0, 0, 1, 0, 0, 0, 0, 0, 0, 0, 0, 0, 0, 1, 1, 0.00, 0.00, 0.00, 0.00, 1.00, 0.00, 0.00, 219, 200, 0.91, 0.01, 0.00, 0.00, 0.00, 0.00, 0.05, 0.00
Intrusion
0, 329, 1280, 0, 0, 0, 0, 0, 1, 0, 0, 0, 0, 0, 0, 0, 0, 0, 0, 16, 16, 0.00, 0.00, 0.00, 0.00, 1.00, 0.00, 0.00, 55, 57, 1.00, 0.00, 0.02, 0.04, 0.00, 0.00, 0.00, 0.00
Intrusion
0, 271, 11200, 0, 0, 0, 0, 0, 1, 0, 0, 0, 0, 0, 0, 0, 0, 0, 0, 5, 5, 0.00, 0.00, 0.00, 0.00, 1.00, 0.00, 0.00, 242, 255, 1.00, 0.00, 0.00, 0.01, 0.00, 0.00, 0.00, 0.00
Intrusion
0, 233, 1651, 0, 0, 0, 0, 0, 1, 0, 0, 0, 0, 0, 0, 0, 0, 0, 0, 6, 6, 0.00, 0.00, 0.00, 0.00, 1.00, 0.00, 0.00, 53, 255, 1.00, 0.00, 0.02, 0.02, 0.00, 0.00, 0.00, 0.00
Intrusion
0, 42, 0, 0, 0, 0, 0, 0, 0, 0, 0, 0, 0, 0, 0, 0, 0, 0, 0, 3, 3, 0.00, 0.00, 0.00, 0.00, 1.00, 0.00, 0.00, 255, 255, 1.00, 0.00, 0.01, 0.00, 0.00, 0.00, 0.00, 0.00
Intrusion
4, 30, 93, 0, 0, 0, 0, 0, 1, 0, 0, 0, 0, 0, 0, 0, 0, 0, 0, 1, 1, 0.00, 0.00, 0.00, 0.00, 1.00, 0.00, 0.00, 255, 252, 0.99, 0.01, 0.00, 0.00, 0.00, 0.00, 0.00, 0.00
Intrusion
0, 141, 8807, 0, 0, 0, 0, 0, 1, 0, 0, 0, 0, 0, 0, 0, 0, 0, 0, 1, 1, 0.00, 0.00, 0.00, 0.00, 1.00, 0.00, 0.00, 42, 92, 1.00, 0.00, 0.02, 0.04, 0.00, 0.00, 0.00, 0.00
Intrusion
4, 30, 93, 0, 0, 0, 0, 0, 1, 0, 0, 0, 0, 0, 0, 0, 0, 0, 0, 1, 1, 0.00, 0.00, 0.00, 0.00, 1.00, 0.00, 0.00, 255, 253, 0.99, 0.01, 0.00, 0.00, 0.00, 0.00, 0.00, 0.00
Intrusion
0, 105, 147, 0, 0, 0, 0, 0, 0, 0, 0, 0, 0, 0, 0, 0, 0, 0, 0, 1, 1, 0.00, 0.00, 0.00, 0.00, 1.00, 0.00, 0.00, 255, 254, 1.00, 0.01, 0.00, 0.00, 0.00, 0.00, 0.00, 0.00
Intrusion
0, 45, 132, 0, 0, 0, 0, 0, 0, 0, 0, 0, 0, 0, 0, 0, 0, 0, 0, 1, 16, 0.00, 0.00, 0.00, 0.00, 1.00, 0.00, 0.25, 255, 206, 0.81, 0.01, 0.00, 0.00, 0.00, 0.00, 0.00, 0.00
Intrusion
0, 338, 1795, 0, 0, 0, 0, 0, 1, 0, 0, 0, 0, 0, 0, 0, 0, 0, 0, 1, 11, 0.00, 0.00, 0.00, 0.00, 1.00, 0.00, 0.27, 7, 254, 1.00, 0.00, 0.14, 0.04, 0.00, 0.00, 0.00, 0.00
Intrusion
0, 316, 1768, 0, 0, 0, 0, 0, 1, 0, 0, 0, 0, 0, 0, 0, 0, 0, 0, 32, 33, 0.00, 0.00, 0.00, 0.00, 1.00, 0.00, 0.06, 255, 255, 1.00, 0.00, 0.00, 0.00, 0.00, 0.00, 0.00, 0.00
Intrusion
0, 43, 107, 0, 0, 0, 0, 0, 0, 0, 0, 0, 0, 0, 0, 0, 0, 0, 0, 1, 2, 0.00, 0.00, 0.00, 0.00, 1.00, 0.00, 1.00, 255, 251, 0.98, 0.01, 0.00, 0.00, 0.00, 0.00, 0.00, 0.00
Intrusion
0, 226, 184, 0, 0, 0, 0, 0, 1, 0, 0, 0, 0, 0, 0, 0, 0, 0, 0, 12, 12, 0.00, 0.00, 0.00, 0.00, 1.00, 0.00, 0.00, 12, 255, 1.00, 0.00, 0.08, 0.05, 0.00, 0.00, 0.00, 0.00
Intrusion
0, 105, 147, 0, 0, 0, 0, 0, 0, 0, 0, 0, 0, 0, 0, 0, 0, 0, 0, 2, 2, 0.00, 0.00, 0.00, 0.00, 1.00, 0.00, 0.00, 255, 254, 1.00, 0.01, 0.01, 0.00, 0.00, 0.00, 0.00, 0.00
Intrusion
2, 191, 10914, 0, 0, 0, 0, 0, 1, 0, 1, 0, 3, 0, 0, 0, 0, 0, 0, 1, 1, 0.00, 0.00, 0.00, 0.00, 1.00, 0.00, 0.00, 42, 3, 0.07, 0.12, 0.02, 0.00, 0.00, 0.00, 0.00, 0.00
Intrusion
0, 105, 147, 0, 0, 0, 0, 0, 0, 0, 0, 0, 0, 0, 0, 0, 0, 0, 0, 1, 1, 0.00, 0.00, 0.00, 0.00, 1.00, 0.00, 0.00, 255, 254, 1.00, 0.01, 0.01, 0.00, 0.00, 0.00, 0.00, 0.00
Intrusion
0, 105, 0, 0, 0, 0, 0, 0, 0, 0, 0, 0, 0, 0, 0, 0, 0, 0, 0, 1, 1, 0.00, 0.00, 0.00, 0.00, 1.00, 0.00, 0.00, 255, 253, 0.99, 0.01, 0.00, 0.00, 0.00, 0.00, 0.00, 0.00
Intrusion
0, 262, 14094, 0, 0, 0, 0, 0, 1, 0, 0, 0, 0, 0, 0, 0, 0, 0, 0, 1, 1, 0.00, 0.00, 0.00, 0.00, 1.00, 0.00, 0.00, 67, 67, 1.00, 0.00, 0.01, 0.00, 0.00, 0.00, 0.00, 0.00
Intrusion
0, 279, 491, 0, 0, 0, 0, 0, 1, 0, 0, 0, 0, 0, 0, 0, 0, 0, 0, 8, 8, 0.00, 0.00, 0.00, 0.00, 1.00, 0.00, 0.00, 33, 255, 1.00, 0.00, 0.03, 0.04, 0.00, 0.00, 0.00, 0.00
Intrusion
0, 208, 1415, 0, 0, 0, 0, 0, 1, 0, 0, 0, 0, 0, 0, 0, 0, 0, 0, 9, 9, 0.00, 0.00, 0.00, 0.00, 1.00, 0.00, 0.00, 225, 225, 1.00, 0.00, 0.00, 0.00, 0.00, 0.00, 0.00, 0.00
Intrusion
0, 294, 7531, 0, 0, 0, 0, 0, 1, 0, 0, 0, 0, 0, 0, 0, 0, 0, 0, 13, 13, 0.00, 0.00, 0.00, 0.00, 1.00, 0.00, 0.00, 97, 255, 1.00, 0.00, 0.01, 0.03, 0.00, 0.00, 0.00, 0.00
Intrusion
0, 105, 146, 0, 0, 0, 0, 0, 0, 0, 0, 0, 0, 0, 0, 0, 0, 0, 0, 2, 2, 0.00, 0.00, 0.00, 0.00, 1.00, 0.00, 0.00, 255, 254, 1.00, 0.01, 0.01, 0.00, 0.00, 0.00, 0.00, 0.00
Intrusion
0, 152, 461, 0, 0, 0, 0, 0, 1, 0, 0, 0, 0, 0, 0, 0, 0, 0, 0, 1, 1, 0.00, 0.00, 0.00, 0.00, 1.00, 0.00, 0.00, 90, 255, 1.00, 0.00, 0.01, 0.02, 0.00, 0.00, 0.00, 0.00
Intrusion
0, 223, 1576, 0, 0, 0, 0, 0, 1, 0, 0, 0, 0, 0, 0, 0, 0, 0, 0, 8, 25, 0.00, 0.00, 0.00, 0.00, 1.00, 0.00, 0.12, 255, 255, 1.00, 0.00, 0.00, 0.00, 0.00, 0.00, 0.00, 0.00
Intrusion
0, 200, 2393, 0, 0, 0, 0, 0, 1, 0, 0, 0, 0, 0, 0, 0, 0, 0, 0, 3, 7, 0.00, 0.00, 0.00, 0.00, 1.00, 0.00, 0.43, 255, 255, 1.00, 0.00, 0.00, 0.00, 0.00, 0.00, 0.00, 0.00
Intrusion
0, 215, 2122, 0, 0, 0, 0, 0, 1, 0, 0, 0, 0, 0, 0, 0, 0, 0, 0, 2, 2, 0.00, 0.00, 0.00, 0.00, 1.00, 0.00, 0.00, 53, 245, 1.00, 0.00, 0.02, 0.03, 0.00, 0.00, 0.00, 0.00
Intrusion
0, 265, 16884, 0, 0, 0, 0, 0, 1, 0, 0, 0, 0, 0, 0, 0, 0, 0, 0, 1, 2, 0.00, 0.00, 0.00, 0.00, 1.00, 0.00, 1.00, 49, 255, 1.00, 0.00, 0.02, 0.05, 0.00, 0.00, 0.00, 0.00
Intrusion
0, 42, 42, 0, 0, 0, 0, 0, 0, 0, 0, 0, 0, 0, 0, 0, 0, 0, 0, 3, 4, 0.00, 0.00, 0.00, 0.00, 1.00, 0.00, 0.50, 255, 255, 1.00, 0.00, 0.01, 0.00, 0.00, 0.00, 0.00, 0.00
Intrusion
4, 32, 93, 0, 0, 0, 0, 0, 1, 0, 0, 0, 0, 0, 0, 0, 0, 0, 0, 1, 1, 0.00, 0.00, 0.00, 0.00, 1.00, 0.00, 0.00, 255, 132, 0.52, 0.02, 0.00, 0.00, 0.00, 0.00, 0.18, 0.02
Intrusion
0, 217, 307, 0, 0, 0, 0, 0, 1, 0, 0, 0, 0, 0, 0, 0, 0, 0, 0, 11, 22, 0.00, 0.00, 0.00, 0.00, 1.00, 0.00, 0.23, 255, 255, 1.00, 0.00, 0.00, 0.00, 0.00, 0.00, 0.00, 0.00
Intrusion
0, 220, 332, 0, 0, 0, 0, 0, 1, 0, 0, 0, 0, 0, 0, 0, 0, 0, 0, 13, 13, 0.00, 0.00, 0.00, 0.00, 1.00, 0.00, 0.00, 255, 255, 1.00, 0.00, 0.00, 0.00, 0.00, 0.00, 0.00, 0.00
Intrusion
0, 227, 406, 0, 0, 0, 0, 0, 1, 0, 0, 0, 0, 0, 0, 0, 0, 0, 0, 3, 34, 0.00, 0.00, 0.00, 0.00, 1.00, 0.00, 0.09, 64, 255, 1.00, 0.00, 0.02, 0.03, 0.00, 0.00, 0.00, 0.00
Intrusion
0, 91, 0, 0, 0, 0, 0, 0, 0, 0, 0, 0, 0, 0, 0, 0, 0, 0, 0, 1, 2, 0.00, 0.00, 0.00, 0.00, 1.00, 0.00, 1.00, 255, 255, 1.00, 0.00, 0.07, 0.00, 0.00, 0.00, 0.00, 0.00
Intrusion
0, 105, 146, 0, 0, 0, 0, 0, 0, 0, 0, 0, 0, 0, 0, 0, 0, 0, 0, 2, 2, 0.00, 0.00, 0.00, 0.00, 1.00, 0.00, 0.00, 255, 252, 0.99, 0.01, 0.00, 0.00, 0.00, 0.00, 0.00, 0.00
Intrusion
0, 105, 0, 0, 0, 0, 0, 0, 0, 0, 0, 0, 0, 0, 0, 0, 0, 0, 0, 1, 1, 0.00, 0.00, 0.00, 0.00, 1.00, 0.00, 0.00, 255, 253, 0.99, 0.01, 0.00, 0.00, 0.00, 0.00, 0.00, 0.00
Intrusion
0, 105, 105, 0, 0, 0, 0, 0, 0, 0, 0, 0, 0, 0, 0, 0, 0, 0, 0, 1, 1, 0.00, 0.00, 0.00, 0.00, 1.00, 0.00, 0.00, 255, 254, 1.00, 0.01, 0.00, 0.00, 0.00, 0.00, 0.00, 0.00
Intrusion
0, 105, 147, 0, 0, 0, 0, 0, 0, 0, 0, 0, 0, 0, 0, 0, 0, 0, 0, 2, 2, 0.00, 0.00, 0.00, 0.00, 1.00, 0.00, 0.00, 255, 254, 1.00, 0.01, 0.00, 0.00, 0.00, 0.00, 0.00, 0.00
Intrusion
0, 261, 628, 0, 0, 0, 0, 0, 1, 0, 0, 0, 0, 0, 0, 0, 0, 0, 0, 9, 9, 0.00, 0.00, 0.00, 0.00, 1.00, 0.00, 0.00, 84, 255, 1.00, 0.00, 0.01, 0.02, 0.00, 0.00, 0.00, 0.00
Intrusion
0, 45, 114, 0, 0, 0, 0, 0, 0, 0, 0, 0, 0, 0, 0, 0, 0, 0, 0, 1, 2, 0.00, 0.00, 0.00, 0.00, 1.00, 0.00, 1.00, 255, 252, 0.99, 0.01, 0.00, 0.00, 0.00, 0.00, 0.00, 0.00
Intrusion
0, 210, 542, 0, 0, 0, 0, 0, 1, 0, 0, 0, 0, 0, 0, 0, 0, 0, 0, 16, 17, 0.00, 0.00, 0.00, 0.00, 1.00, 0.00, 0.12, 36, 255, 1.00, 0.00, 0.03, 0.03, 0.00, 0.00, 0.00, 0.00
Intrusion
0, 105, 0, 0, 0, 0, 0, 0, 0, 0, 0, 0, 0, 0, 0, 0, 0, 0, 0, 1, 1, 0.00, 0.00, 0.00, 0.00, 1.00, 0.00, 0.00, 255, 254, 1.00, 0.01, 0.00, 0.00, 0.00, 0.00, 0.00, 0.00
Intrusion
0, 353, 4601, 0, 0, 0, 0, 0, 1, 0, 0, 0, 0, 0, 0, 0, 0, 0, 0, 23, 25, 0.00, 0.00, 0.00, 0.00, 1.00, 0.00, 0.08, 255, 255, 1.00, 0.00, 0.00, 0.00, 0.00, 0.00, 0.00, 0.00
Intrusion
4, 28, 93, 0, 0, 0, 0, 0, 1, 0, 0, 0, 0, 0, 0, 0, 0, 0, 0, 1, 1, 0.00, 0.00, 0.00, 0.00, 1.00, 0.00, 0.00, 255, 248, 0.97, 0.01, 0.00, 0.00, 0.00, 0.00, 0.00, 0.00
Intrusion
0, 311, 762, 0, 0, 0, 0, 0, 1, 0, 0, 0, 0, 0, 0, 0, 0, 0, 0, 1, 9, 0.00, 0.00, 0.00, 0.00, 1.00, 0.00, 0.33, 26, 255, 1.00, 0.00, 0.04, 0.03, 0.00, 0.00, 0.00, 0.00
Intrusion
0, 311, 602, 0, 0, 0, 0, 0, 1, 0, 0, 0, 0, 0, 0, 0, 0, 0, 0, 9, 9, 0.00, 0.00, 0.00, 0.00, 1.00, 0.00, 0.00, 255, 255, 1.00, 0.00, 0.00, 0.00, 0.00, 0.00, 0.00, 0.00
Intrusion
0, 186, 17093, 0, 0, 0, 0, 0, 1, 0, 0, 0, 0, 0, 0, 0, 0, 0, 0, 1, 1, 0.00, 0.00, 0.00, 0.00, 1.00, 0.00, 0.00, 255, 255, 1.00, 0.00, 0.00, 0.00, 0.00, 0.00, 0.00, 0.00
Intrusion
0, 234, 612, 0, 0, 0, 0, 0, 1, 0, 0, 0, 0, 0, 0, 0, 0, 0, 0, 2, 2, 0.00, 0.00, 0.00, 0.00, 1.00, 0.00, 0.00, 5, 254, 1.00, 0.00, 0.20, 0.07, 0.00, 0.00, 0.00, 0.00
Intrusion
0, 121, 174, 0, 0, 0, 0, 1, 0, 0, 0, 0, 0, 0, 0, 0, 0, 0, 0, 1, 1, 0.00, 0.00, 0.00, 0.00, 1.00, 0.00, 0.00, 255, 254, 1.00, 0.01, 0.00, 0.00, 0.02, 0.02, 0.02, 0.02
Intrusion
0, 217, 6065, 0, 0, 0, 0, 0, 1, 0, 0, 0, 0, 0, 0, 0, 0, 0, 0, 33, 33, 0.00, 0.00, 0.00, 0.00, 1.00, 0.00, 0.00, 205, 255, 1.00, 0.00, 0.00, 0.01, 0.00, 0.00, 0.00, 0.00
Intrusion
0, 315, 947, 0, 0, 0, 0, 0, 1, 0, 0, 0, 0, 0, 0, 0, 0, 0, 0, 6, 6, 0.00, 0.00, 0.00, 0.00, 1.00, 0.00, 0.00, 10, 255, 1.00, 0.00, 0.10, 0.04, 0.00, 0.00, 0.00, 0.00
Intrusion
0, 202, 646, 0, 0, 0, 0, 0, 1, 0, 0, 0, 0, 0, 0, 0, 0, 0, 0, 6, 6, 0.00, 0.00, 0.00, 0.00, 1.00, 0.00, 0.00, 189, 255, 1.00, 0.00, 0.01, 0.01, 0.00, 0.00, 0.00, 0.00
Intrusion
0, 105, 146, 0, 0, 0, 0, 0, 0, 0, 0, 0, 0, 0, 0, 0, 0, 0, 0, 1, 1, 0.00, 0.00, 0.00, 0.00, 1.00, 0.00, 0.00, 255, 253, 0.99, 0.01, 0.00, 0.00, 0.00, 0.00, 0.00, 0.00
Intrusion
0, 216, 308, 0, 0, 0, 0, 0, 1, 0, 0, 0, 0, 0, 0, 0, 0, 0, 0, 9, 13, 0.00, 0.00, 0.00, 0.00, 1.00, 0.00, 0.15, 27, 255, 1.00, 0.00, 0.04, 0.02, 0.00, 0.00, 0.00, 0.00
Intrusion
0, 214, 2376, 0, 0, 0, 0, 0, 1, 0, 0, 0, 0, 0, 0, 0, 0, 0, 0, 14, 14, 0.00, 0.00, 0.00, 0.00, 1.00, 0.00, 0.00, 255, 255, 1.00, 0.00, 0.00, 0.00, 0.00, 0.00, 0.00, 0.00
Intrusion
0, 105, 147, 0, 0, 0, 0, 0, 0, 0, 0, 0, 0, 0, 0, 0, 0, 0, 0, 2, 2, 0.00, 0.00, 0.00, 0.00, 1.00, 0.00, 0.00, 255, 253, 0.99, 0.01, 0.00, 0.00, 0.00, 0.00, 0.00, 0.00
Intrusion
0, 289, 4182, 0, 0, 0, 0, 0, 1, 0, 0, 0, 0, 0, 0, 0, 0, 0, 0, 1, 19, 0.00, 0.00, 0.00, 0.00, 1.00, 0.00, 0.11, 25, 255, 1.00, 0.00, 0.04, 0.03, 0.00, 0.00, 0.00, 0.00
Intrusion
0, 105, 0, 0, 0, 0, 0, 0, 0, 0, 0, 0, 0, 0, 0, 0, 0, 0, 0, 1, 1, 0.00, 0.00, 0.00, 0.00, 1.00, 0.00, 0.00, 255, 252, 0.99, 0.01, 0.00, 0.00, 0.00, 0.00, 0.00, 0.00
Intrusion
0, 105, 146, 0, 0, 0, 0, 0, 0, 0, 0, 0, 0, 0, 0, 0, 0, 0, 0, 2, 2, 0.00, 0.00, 0.00, 0.00, 1.00, 0.00, 0.00, 255, 254, 1.00, 0.01, 0.00, 0.00, 0.00, 0.00, 0.00, 0.00
Intrusion
0, 166, 949, 0, 0, 0, 0, 0, 1, 0, 0, 0, 0, 0, 0, 0, 0, 0, 0, 4, 4, 0.00, 0.00, 0.00, 0.00, 1.00, 0.00, 0.00, 10, 255, 1.00, 0.00, 0.10, 0.05, 0.00, 0.00, 0.00, 0.00
Intrusion
0, 105, 146, 0, 0, 0, 0, 0, 0, 0, 0, 0, 0, 0, 0, 0, 0, 0, 0, 1, 1, 0.00, 0.00, 0.00, 0.00, 1.00, 0.00, 0.00, 255, 254, 1.00, 0.01, 0.00, 0.00, 0.00, 0.00, 0.00, 0.00
Intrusion
0, 105, 146, 0, 0, 0, 0, 0, 0, 0, 0, 0, 0, 0, 0, 0, 0, 0, 0, 1, 1, 0.00, 0.00, 0.00, 0.00, 1.00, 0.00, 0.00, 255, 254, 1.00, 0.01, 0.00, 0.00, 0.00, 0.00, 0.00, 0.00
Intrusion
0, 47, 0, 0, 0, 0, 0, 0, 0, 0, 0, 0, 0, 0, 0, 0, 0, 0, 0, 4, 4, 0.00, 0.00, 0.00, 0.00, 1.00, 0.00, 0.00, 255, 253, 0.99, 0.01, 0.00, 0.00, 0.00, 0.00, 0.00, 0.00
Intrusion
0, 105, 147, 0, 0, 0, 0, 0, 0, 0, 0, 0, 0, 0, 0, 0, 0, 0, 0, 1, 1, 0.00, 0.00, 0.00, 0.00, 1.00, 0.00, 0.00, 255, 254, 1.00, 0.01, 0.00, 0.00, 0.00, 0.00, 0.00, 0.00
Intrusion
1, 741, 333, 0, 0, 0, 0, 0, 1, 0, 0, 0, 0, 0, 0, 0, 0, 0, 0, 1, 4, 0.00, 0.00, 0.00, 0.00, 1.00, 0.00, 1.00, 73, 132, 0.62, 0.04, 0.01, 0.02, 0.00, 0.00, 0.00, 0.00
Intrusion
0, 105, 147, 0, 0, 0, 0, 0, 0, 0, 0, 0, 0, 0, 0, 0, 0, 0, 0, 1, 1, 0.00, 0.00, 0.00, 0.00, 1.00, 0.00, 0.00, 255, 254, 1.00, 0.01, 0.00, 0.00, 0.00, 0.00, 0.00, 0.00
Intrusion
0, 231, 818, 0, 0, 0, 0, 0, 1, 0, 0, 0, 0, 0, 0, 0, 0, 0, 0, 26, 27, 0.00, 0.00, 0.00, 0.00, 1.00, 0.00, 0.07, 255, 255, 1.00, 0.00, 0.00, 0.00, 0.00, 0.00, 0.00, 0.00
Intrusion
0, 47, 0, 0, 0, 0, 0, 0, 0, 0, 0, 0, 0, 0, 0, 0, 0, 0, 0, 3, 3, 0.00, 0.00, 0.00, 0.00, 1.00, 0.00, 0.00, 255, 255, 1.00, 0.00, 0.01, 0.00, 0.00, 0.00, 0.00, 0.00
Intrusion
0, 292, 17992, 0, 0, 0, 0, 0, 1, 0, 0, 0, 0, 0, 0, 0, 0, 0, 0, 13, 16, 0.00, 0.00, 0.00, 0.00, 1.00, 0.00, 0.12, 255, 255, 1.00, 0.00, 0.00, 0.00, 0.00, 0.00, 0.00, 0.00
Intrusion
0, 226, 4153, 0, 0, 0, 0, 0, 1, 0, 0, 0, 0, 0, 0, 0, 0, 0, 0, 10, 10, 0.00, 0.00, 0.00, 0.00, 1.00, 0.00, 0.00, 46, 255, 1.00, 0.00, 0.02, 0.02, 0.00, 0.00, 0.00, 0.00
Intrusion
0, 230, 18056, 0, 0, 0, 0, 0, 1, 0, 0, 0, 0, 0, 0, 0, 0, 0, 0, 2, 2, 0.00, 0.00, 0.00, 0.00, 1.00, 0.00, 0.00, 148, 184, 1.00, 0.00, 0.01, 0.01, 0.00, 0.00, 0.00, 0.00
Intrusion
0, 201, 4783, 0, 0, 0, 0, 0, 1, 0, 0, 0, 0, 0, 0, 0, 0, 0, 0, 13, 13, 0.00, 0.00, 0.00, 0.00, 1.00, 0.00, 0.00, 13, 255, 1.00, 0.00, 0.08, 0.05, 0.00, 0.01, 0.00, 0.00
Intrusion
0, 330, 241, 0, 0, 0, 0, 0, 1, 0, 0, 0, 0, 0, 0, 0, 0, 0, 0, 3, 10, 0.00, 0.00, 0.00, 0.00, 1.00, 0.00, 0.20, 56, 255, 1.00, 0.00, 0.02, 0.02, 0.00, 0.00, 0.00, 0.00
Intrusion
0, 366, 1927, 0, 0, 0, 0, 0, 1, 0, 0, 0, 0, 0, 0, 0, 0, 0, 0, 2, 3, 0.00, 0.00, 0.00, 0.00, 1.00, 0.00, 0.67, 49, 227, 1.00, 0.00, 0.02, 0.07, 0.00, 0.00, 0.00, 0.00
Intrusion
0, 105, 146, 0, 0, 0, 0, 0, 0, 0, 0, 0, 0, 0, 0, 0, 0, 0, 0, 1, 1, 0.00, 0.00, 0.00, 0.00, 1.00, 0.00, 0.00, 255, 254, 1.00, 0.01, 0.00, 0.00, 0.00, 0.00, 0.00, 0.00
Intrusion
0, 196, 1274, 0, 0, 0, 0, 0, 1, 0, 0, 0, 0, 0, 0, 0, 0, 0, 0, 11, 12, 0.00, 0.00, 0.00, 0.00, 1.00, 0.00, 0.17, 72, 255, 1.00, 0.00, 0.01, 0.04, 0.00, 0.00, 0.00, 0.00
Intrusion
0, 274, 4841, 0, 0, 0, 0, 0, 1, 0, 0, 0, 0, 0, 0, 0, 0, 0, 0, 1, 2, 0.00, 0.00, 0.00, 0.00, 1.00, 0.00, 1.00, 93, 255, 1.00, 0.00, 0.01, 0.06, 0.00, 0.00, 0.00, 0.00
Intrusion
0, 205, 3127, 0, 0, 0, 0, 0, 1, 0, 0, 0, 0, 0, 0, 0, 0, 0, 0, 10, 26, 0.00, 0.00, 0.00, 0.00, 1.00, 0.00, 0.12, 255, 255, 1.00, 0.00, 0.00, 0.00, 0.00, 0.00, 0.00, 0.00
Intrusion
0, 292, 412, 0, 0, 0, 0, 0, 1, 0, 0, 0, 0, 0, 0, 0, 0, 0, 0, 2, 5, 0.00, 0.00, 0.00, 0.00, 1.00, 0.00, 0.40, 11, 255, 1.00, 0.00, 0.09, 0.07, 0.00, 0.00, 0.00, 0.00
Intrusion
0, 45, 136, 0, 0, 0, 0, 0, 0, 0, 0, 0, 0, 0, 0, 0, 0, 0, 0, 15, 23, 0.00, 0.00, 0.00, 0.00, 1.00, 0.00, 0.09, 255, 255, 1.00, 0.00, 0.00, 0.00, 0.00, 0.00, 0.00, 0.00
Intrusion
0, 229, 337, 0, 0, 0, 0, 0, 1, 0, 0, 0, 0, 0, 0, 0, 0, 0, 0, 10, 10, 0.00, 0.00, 0.00, 0.00, 1.00, 0.00, 0.00, 255, 255, 1.00, 0.00, 0.00, 0.00, 0.00, 0.00, 0.00, 0.00
Intrusion
0, 252, 936, 0, 0, 0, 0, 0, 1, 0, 0, 0, 0, 0, 0, 0, 0, 0, 0, 6, 6, 0.00, 0.00, 0.00, 0.00, 1.00, 0.00, 0.00, 6, 255, 1.00, 0.00, 0.17, 0.02, 0.00, 0.00, 0.00, 0.00
Intrusion
0, 105, 145, 0, 0, 0, 0, 0, 0, 0, 0, 0, 0, 0, 0, 0, 0, 0, 0, 3, 3, 0.00, 0.00, 0.00, 0.00, 1.00, 0.00, 0.00, 255, 255, 1.00, 0.00, 0.00, 0.00, 0.00, 0.00, 0.00, 0.00
Intrusion
0, 196, 478, 0, 0, 0, 0, 0, 1, 0, 0, 0, 0, 0, 0, 0, 0, 0, 0, 16, 70, 0.00, 0.00, 0.00, 0.00, 1.00, 0.00, 0.07, 184, 255, 1.00, 0.00, 0.01, 0.01, 0.00, 0.00, 0.00, 0.00
Intrusion
0, 105, 0, 0, 0, 0, 0, 0, 0, 0, 0, 0, 0, 0, 0, 0, 0, 0, 0, 1, 1, 0.00, 0.00, 0.00, 0.00, 1.00, 0.00, 0.00, 255, 253, 0.99, 0.01, 0.01, 0.00, 0.00, 0.00, 0.00, 0.00
Intrusion
0, 105, 147, 0, 0, 0, 0, 0, 0, 0, 0, 0, 0, 0, 0, 0, 0, 0, 0, 1, 1, 0.00, 0.00, 0.00, 0.00, 1.00, 0.00, 0.00, 255, 254, 1.00, 0.01, 0.00, 0.00, 0.00, 0.00, 0.00, 0.00
Intrusion
0, 215, 2263, 0, 0, 0, 0, 0, 1, 0, 0, 0, 0, 0, 0, 0, 0, 0, 0, 14, 14, 0.00, 0.00, 0.00, 0.00, 1.00, 0.00, 0.00, 168, 255, 1.00, 0.00, 0.01, 0.01, 0.01, 0.00, 0.00, 0.00
Intrusion
0, 210, 5200, 0, 0, 0, 0, 0, 1, 0, 0, 0, 0, 0, 0, 0, 0, 0, 0, 6, 6, 0.00, 0.00, 0.00, 0.00, 1.00, 0.00, 0.00, 255, 255, 1.00, 0.00, 0.00, 0.00, 0.00, 0.00, 0.00, 0.00
Intrusion
4, 30, 93, 0, 0, 0, 0, 0, 1, 0, 0, 0, 0, 0, 0, 0, 0, 0, 0, 1, 1, 0.00, 0.00, 0.00, 0.00, 1.00, 0.00, 0.00, 255, 250, 0.98, 0.01, 0.00, 0.00, 0.00, 0.00, 0.01, 0.00
Intrusion
0, 207, 431, 0, 0, 0, 0, 0, 1, 0, 0, 0, 0, 0, 0, 0, 0, 0, 0, 4, 11, 0.00, 0.00, 0.00, 0.00, 1.00, 0.00, 0.18, 255, 255, 1.00, 0.00, 0.00, 0.00, 0.00, 0.00, 0.00, 0.00
Intrusion
0, 274, 844, 0, 0, 0, 0, 0, 1, 0, 0, 0, 0, 0, 0, 0, 0, 0, 0, 23, 23, 0.00, 0.00, 0.00, 0.00, 1.00, 0.00, 0.00, 105, 255, 1.00, 0.00, 0.01, 0.02, 0.00, 0.00, 0.00, 0.00
Intrusion
0, 105, 105, 0, 0, 0, 0, 0, 0, 0, 0, 0, 0, 0, 0, 0, 0, 0, 0, 3, 3, 0.00, 0.00, 0.00, 0.00, 1.00, 0.00, 0.00, 255, 255, 1.00, 0.00, 0.00, 0.00, 0.00, 0.00, 0.00, 0.00
Intrusion
0, 105, 146, 0, 0, 0, 0, 0, 0, 0, 0, 0, 0, 0, 0, 0, 0, 0, 0, 1, 1, 0.00, 0.00, 0.00, 0.00, 1.00, 0.00, 0.00, 255, 254, 1.00, 0.01, 0.00, 0.00, 0.00, 0.00, 0.00, 0.00
Intrusion
0, 251, 1529, 0, 0, 0, 0, 0, 1, 0, 0, 0, 0, 0, 0, 0, 0, 0, 0, 13, 34, 0.00, 0.00, 0.00, 0.00, 1.00, 0.00, 0.06, 175, 255, 1.00, 0.00, 0.01, 0.01, 0.00, 0.00, 0.00, 0.00
Intrusion
0, 338, 1512, 0, 0, 0, 0, 0, 1, 0, 0, 0, 0, 0, 0, 0, 0, 0, 0, 12, 12, 0.00, 0.00, 0.00, 0.00, 1.00, 0.00, 0.00, 255, 255, 1.00, 0.00, 0.00, 0.00, 0.00, 0.00, 0.00, 0.00
Intrusion
0, 105, 146, 0, 0, 0, 0, 0, 0, 0, 0, 0, 0, 0, 0, 0, 0, 0, 0, 2, 2, 0.00, 0.00, 0.00, 0.00, 1.00, 0.00, 0.00, 255, 254, 1.00, 0.01, 0.01, 0.00, 0.00, 0.00, 0.00, 0.00
Intrusion
0, 207, 570, 0, 0, 0, 0, 0, 1, 0, 0, 0, 0, 0, 0, 0, 0, 0, 0, 4, 4, 0.00, 0.00, 0.00, 0.00, 1.00, 0.00, 0.00, 168, 255, 1.00, 0.00, 0.01, 0.02, 0.00, 0.00, 0.00, 0.00
Intrusion
0, 204, 5830, 0, 0, 0, 0, 0, 1, 0, 0, 0, 0, 0, 0, 0, 0, 0, 0, 4, 5, 0.00, 0.00, 0.00, 0.00, 1.00, 0.00, 0.40, 12, 255, 1.00, 0.00, 0.08, 0.08, 0.00, 0.00, 0.00, 0.00
Intrusion
0, 213, 423, 0, 0, 0, 0, 0, 1, 0, 0, 0, 0, 0, 0, 0, 0, 0, 0, 14, 18, 0.00, 0.00, 0.00, 0.00, 1.00, 0.00, 0.11, 14, 255, 1.00, 0.00, 0.07, 0.04, 0.00, 0.00, 0.00, 0.00
Intrusion
0, 286, 13721, 0, 0, 0, 0, 0, 1, 0, 0, 0, 0, 0, 0, 0, 0, 0, 0, 4, 4, 0.00, 0.00, 0.00, 0.00, 1.00, 0.00, 0.00, 38, 255, 1.00, 0.00, 0.03, 0.02, 0.00, 0.00, 0.00, 0.00
Intrusion
1, 2599, 293, 0, 0, 0, 0, 0, 1, 0, 0, 0, 0, 0, 0, 0, 0, 0, 0, 2, 2, 0.00, 0.00, 0.00, 0.00, 1.00, 0.00, 0.00, 255, 246, 0.96, 0.04, 0.00, 0.00, 0.00, 0.00, 0.03, 0.00
Intrusion
0, 316, 696, 0, 0, 0, 0, 0, 1, 0, 0, 0, 0, 0, 0, 0, 0, 0, 0, 4, 4, 0.00, 0.00, 0.00, 0.00, 1.00, 0.00, 0.00, 99, 255, 1.00, 0.00, 0.01, 0.03, 0.00, 0.00, 0.00, 0.00
Intrusion
0, 252, 2290, 0, 0, 0, 0, 0, 1, 0, 0, 0, 0, 0, 0, 0, 0, 0, 0, 1, 1, 0.00, 0.00, 0.00, 0.00, 1.00, 0.00, 0.00, 178, 255, 1.00, 0.00, 0.01, 0.02, 0.00, 0.00, 0.00, 0.00
Intrusion
0, 317, 451, 0, 0, 0, 0, 0, 1, 0, 0, 0, 0, 0, 0, 0, 0, 0, 0, 5, 13, 0.00, 0.00, 0.00, 0.00, 1.00, 0.00, 0.15, 255, 255, 1.00, 0.00, 0.01, 0.00, 0.00, 0.00, 0.00, 0.00
Intrusion
1, 2599, 293, 0, 0, 0, 0, 0, 1, 0, 0, 0, 0, 0, 0, 0, 0, 0, 0, 3, 3, 0.00, 0.00, 0.00, 0.00, 1.00, 0.00, 0.00, 255, 245, 0.96, 0.04, 0.00, 0.00, 0.00, 0.00, 0.04, 0.00
Intrusion
0, 229, 337, 0, 0, 0, 0, 0, 1, 0, 0, 0, 0, 0, 0, 0, 0, 0, 0, 15, 26, 0.00, 0.00, 0.00, 0.00, 1.00, 0.00, 0.08, 255, 255, 1.00, 0.00, 0.00, 0.00, 0.00, 0.00, 0.00, 0.00
Intrusion
0, 228, 375, 0, 0, 0, 0, 0, 1, 0, 0, 0, 0, 0, 0, 0, 0, 0, 0, 10, 14, 0.00, 0.00, 0.00, 0.00, 1.00, 0.00, 0.21, 255, 255, 1.00, 0.00, 0.00, 0.00, 0.00, 0.00, 0.00, 0.00
Intrusion
0, 245, 370, 0, 0, 0, 0, 0, 1, 0, 0, 0, 0, 0, 0, 0, 0, 0, 0, 1, 1, 0.00, 0.00, 0.00, 0.00, 1.00, 0.00, 0.00, 255, 255, 1.00, 0.00, 0.00, 0.00, 0.00, 0.00, 0.00, 0.00
Intrusion
0, 228, 2454, 0, 0, 0, 0, 0, 1, 0, 0, 0, 0, 0, 0, 0, 0, 0, 0, 3, 3, 0.00, 0.00, 0.00, 0.00, 1.00, 0.00, 0.00, 255, 255, 1.00, 0.00, 0.00, 0.00, 0.00, 0.00, 0.00, 0.00
Intrusion
0, 229, 2022, 0, 0, 0, 0, 0, 1, 0, 0, 0, 0, 0, 0, 0, 0, 0, 0, 12, 12, 0.00, 0.00, 0.00, 0.00, 1.00, 0.00, 0.00, 68, 255, 1.00, 0.00, 0.01, 0.02, 0.00, 0.00, 0.00, 0.00
Intrusion
0, 105, 146, 0, 0, 0, 0, 0, 0, 0, 0, 0, 0, 0, 0, 0, 0, 0, 0, 2, 2, 0.00, 0.00, 0.00, 0.00, 1.00, 0.00, 0.00, 255, 254, 1.00, 0.01, 0.00, 0.00, 0.00, 0.00, 0.00, 0.00
Intrusion
0, 26, 157, 0, 0, 0, 0, 1, 0, 0, 0, 0, 0, 0, 0, 0, 0, 0, 1, 1, 1, 0.00, 0.00, 0.00, 0.00, 1.00, 0.00, 0.00, 214, 104, 0.49, 0.03, 0.00, 0.00, 0.00, 0.00, 0.00, 0.00
Intrusion
1, 2599, 293, 0, 0, 0, 0, 0, 1, 0, 0, 0, 0, 0, 0, 0, 0, 0, 0, 2, 2, 0.00, 0.00, 0.00, 0.00, 1.00, 0.00, 0.00, 255, 246, 0.96, 0.04, 0.00, 0.00, 0.00, 0.00, 0.03, 0.00
Intrusion
0, 105, 146, 0, 0, 0, 0, 0, 0, 0, 0, 0, 0, 0, 0, 0, 0, 0, 0, 2, 2, 0.00, 0.00, 0.00, 0.00, 1.00, 0.00, 0.00, 255, 253, 0.99, 0.01, 0.00, 0.00, 0.00, 0.00, 0.00, 0.00
Intrusion
0, 334, 16351, 0, 0, 0, 0, 0, 1, 0, 0, 0, 0, 0, 0, 0, 0, 0, 0, 19, 20, 0.00, 0.00, 0.00, 0.00, 1.00, 0.00, 0.10, 142, 255, 1.00, 0.00, 0.01, 0.03, 0.00, 0.00, 0.00, 0.00
Intrusion
0, 105, 147, 0, 0, 0, 0, 0, 0, 0, 0, 0, 0, 0, 0, 0, 0, 0, 0, 2, 2, 0.00, 0.00, 0.00, 0.00, 1.00, 0.00, 0.00, 255, 254, 1.00, 0.01, 0.01, 0.00, 0.00, 0.00, 0.00, 0.00
Intrusion
0, 43, 0, 0, 0, 0, 0, 0, 0, 0, 0, 0, 0, 0, 0, 0, 0, 0, 0, 2, 2, 0.00, 0.00, 0.00, 0.00, 1.00, 0.00, 0.00, 255, 254, 1.00, 0.01, 0.01, 0.00, 0.00, 0.00, 0.00, 0.00
Intrusion
0, 191, 9107, 0, 0, 0, 0, 0, 1, 0, 0, 0, 0, 0, 0, 0, 0, 0, 0, 7, 7, 0.00, 0.00, 0.00, 0.00, 1.00, 0.00, 0.00, 255, 255, 1.00, 0.00, 0.00, 0.00, 0.00, 0.00, 0.00, 0.00
Intrusion
1, 2599, 293, 0, 0, 0, 0, 0, 1, 0, 0, 0, 0, 0, 0, 0, 0, 0, 0, 3, 3, 0.00, 0.00, 0.00, 0.00, 1.00, 0.00, 0.00, 255, 246, 0.96, 0.04, 0.00, 0.00, 0.00, 0.00, 0.03, 0.00
Intrusion
1, 2599, 293, 0, 0, 0, 0, 0, 1, 0, 0, 0, 0, 0, 0, 0, 0, 0, 0, 2, 2, 0.00, 0.00, 0.00, 0.00, 1.00, 0.00, 0.00, 255, 246, 0.96, 0.04, 0.00, 0.00, 0.00, 0.00, 0.03, 0.00
Intrusion
0, 12, 0, 0, 0, 0, 0, 0, 0, 0, 0, 0, 0, 0, 0, 0, 0, 0, 0, 1, 1, 0.00, 0.00, 0.00, 0.00, 1.00, 0.00, 0.00, 3, 3, 1.00, 0.00, 1.00, 0.00, 0.00, 0.00, 0.00, 0.00
Intrusion
0, 105, 147, 0, 0, 0, 0, 0, 0, 0, 0, 0, 0, 0, 0, 0, 0, 0, 0, 2, 2, 0.00, 0.00, 0.00, 0.00, 1.00, 0.00, 0.00, 255, 254, 1.00, 0.01, 0.00, 0.00, 0.00, 0.00, 0.00, 0.00
Intrusion
0, 206, 5725, 0, 0, 0, 0, 0, 1, 0, 0, 0, 0, 0, 0, 0, 0, 0, 0, 4, 32, 0.00, 0.00, 0.00, 0.00, 1.00, 0.00, 0.09, 33, 255, 1.00, 0.00, 0.03, 0.02, 0.00, 0.00, 0.00, 0.00
Intrusion
0, 105, 146, 0, 0, 0, 0, 0, 0, 0, 0, 0, 0, 0, 0, 0, 0, 0, 0, 1, 1, 0.00, 0.00, 0.00, 0.00, 1.00, 0.00, 0.00, 255, 254, 1.00, 0.01, 0.00, 0.00, 0.00, 0.00, 0.00, 0.00
Intrusion
0, 49, 49, 0, 0, 0, 0, 0, 0, 0, 0, 0, 0, 0, 0, 0, 0, 0, 0, 3, 3, 0.00, 0.00, 0.00, 0.00, 1.00, 0.00, 0.00, 255, 254, 1.00, 0.01, 0.01, 0.00, 0.00, 0.00, 0.00, 0.00
Intrusion
0, 313, 2849, 0, 0, 0, 0, 0, 1, 0, 0, 0, 0, 0, 0, 0, 0, 0, 0, 1, 2, 0.00, 0.00, 0.00, 0.00, 1.00, 0.00, 1.00, 1, 255, 1.00, 0.00, 1.00, 0.04, 0.00, 0.00, 0.00, 0.00
Intrusion
0, 379, 257, 0, 0, 0, 0, 0, 1, 0, 0, 0, 0, 0, 0, 0, 0, 0, 0, 5, 15, 0.00, 0.00, 0.00, 0.00, 1.00, 0.00, 0.13, 102, 255, 1.00, 0.00, 0.01, 0.02, 0.00, 0.00, 0.00, 0.00
Intrusion
0, 0, 84, 0, 0, 0, 0, 0, 1, 0, 0, 0, 0, 0, 0, 0, 0, 0, 0, 1, 1, 0.00, 0.00, 0.00, 0.00, 1.00, 0.00, 0.00, 144, 99, 0.69, 0.03, 0.01, 0.00, 0.00, 0.00, 0.00, 0.00
Intrusion
0, 105, 146, 0, 0, 0, 0, 0, 0, 0, 0, 0, 0, 0, 0, 0, 0, 0, 0, 1, 1, 0.00, 0.00, 0.00, 0.00, 1.00, 0.00, 0.00, 255, 253, 0.99, 0.01, 0.00, 0.00, 0.00, 0.00, 0.00, 0.00
Intrusion
0, 280, 1724, 0, 0, 0, 0, 0, 1, 0, 0, 0, 0, 0, 0, 0, 0, 0, 0, 15, 22, 0.00, 0.00, 0.00, 0.00, 1.00, 0.00, 0.14, 255, 255, 1.00, 0.00, 0.00, 0.00, 0.00, 0.00, 0.00, 0.00
Intrusion
0, 294, 268, 0, 0, 0, 0, 0, 1, 0, 0, 0, 0, 0, 0, 0, 0, 0, 0, 2, 2, 0.00, 0.00, 0.00, 0.00, 1.00, 0.00, 0.00, 255, 255, 1.00, 0.00, 0.00, 0.00, 0.00, 0.00, 0.00, 0.00
Intrusion
0, 319, 356, 0, 0, 0, 0, 0, 1, 0, 0, 0, 0, 0, 0, 0, 0, 0, 0, 7, 8, 0.00, 0.00, 0.00, 0.00, 1.00, 0.00, 0.25, 142, 182, 1.00, 0.00, 0.01, 0.01, 0.00, 0.00, 0.00, 0.00
Intrusion
0, 42, 42, 0, 0, 0, 0, 0, 0, 0, 0, 0, 0, 0, 0, 0, 0, 0, 0, 13, 19, 0.00, 0.00, 0.00, 0.00, 1.00, 0.00, 0.11, 253, 252, 1.00, 0.01, 0.01, 0.00, 0.00, 0.00, 0.00, 0.00
Intrusion
1, 2599, 293, 0, 0, 0, 0, 0, 1, 0, 0, 0, 0, 0, 0, 0, 0, 0, 0, 3, 3, 0.00, 0.00, 0.00, 0.00, 1.00, 0.00, 0.00, 255, 245, 0.96, 0.04, 0.00, 0.00, 0.00, 0.00, 0.04, 0.00
Intrusion
1, 2599, 293, 0, 0, 0, 0, 0, 1, 0, 0, 0, 0, 0, 0, 0, 0, 0, 0, 2, 2, 0.00, 0.00, 0.00, 0.00, 1.00, 0.00, 0.00, 255, 246, 0.96, 0.04, 0.00, 0.00, 0.00, 0.00, 0.04, 0.00
Intrusion
0, 105, 0, 0, 0, 0, 0, 0, 0, 0, 0, 0, 0, 0, 0, 0, 0, 0, 0, 1, 1, 0.00, 0.00, 0.00, 0.00, 1.00, 0.00, 0.00, 255, 253, 0.99, 0.01, 0.00, 0.00, 0.00, 0.00, 0.00, 0.00
Intrusion
0, 226, 2038, 0, 0, 0, 0, 0, 1, 0, 0, 0, 0, 0, 0, 0, 0, 0, 0, 5, 5, 0.00, 0.00, 0.00, 0.00, 1.00, 0.00, 0.00, 13, 255, 1.00, 0.00, 0.08, 0.04, 0.00, 0.00, 0.00, 0.00
Intrusion
0, 105, 146, 0, 0, 0, 0, 0, 0, 0, 0, 0, 0, 0, 0, 0, 0, 0, 0, 2, 2, 0.00, 0.00, 0.00, 0.00, 1.00, 0.00, 0.00, 255, 252, 0.99, 0.01, 0.00, 0.00, 0.00, 0.00, 0.00, 0.00
Intrusion
0, 105, 146, 0, 0, 0, 0, 0, 0, 0, 0, 0, 0, 0, 0, 0, 0, 0, 0, 1, 1, 0.00, 0.00, 0.00, 0.00, 1.00, 0.00, 0.00, 255, 254, 1.00, 0.01, 0.00, 0.00, 0.00, 0.00, 0.00, 0.00
Intrusion
0, 44, 72, 0, 0, 0, 0, 0, 0, 0, 0, 0, 0, 0, 0, 0, 0, 0, 0, 28, 28, 0.00, 0.00, 0.00, 0.00, 1.00, 0.00, 0.00, 255, 255, 1.00, 0.00, 0.01, 0.00, 0.00, 0.00, 0.00, 0.00
Intrusion
0, 43, 43, 0, 0, 0, 0, 0, 0, 0, 0, 0, 0, 0, 0, 0, 0, 0, 0, 94, 94, 0.00, 0.00, 0.00, 0.00, 1.00, 0.00, 0.00, 255, 227, 0.89, 0.01, 0.00, 0.00, 0.00, 0.00, 0.00, 0.00
Intrusion
0, 355, 2005, 0, 0, 0, 0, 0, 1, 0, 0, 0, 0, 0, 0, 0, 0, 0, 0, 14, 14, 0.00, 0.00, 0.00, 0.00, 1.00, 0.00, 0.00, 230, 255, 1.00, 0.00, 0.01, 0.02, 0.00, 0.00, 0.00, 0.00
Intrusion
0, 212, 313, 0, 0, 0, 0, 0, 1, 0, 0, 0, 0, 0, 0, 0, 0, 0, 0, 5, 11, 0.00, 0.00, 0.00, 0.00, 1.00, 0.00, 0.18, 77, 255, 1.00, 0.00, 0.01, 0.04, 0.00, 0.00, 0.00, 0.00
Intrusion
0, 105, 146, 0, 0, 0, 0, 0, 0, 0, 0, 0, 0, 0, 0, 0, 0, 0, 0, 2, 2, 0.00, 0.00, 0.00, 0.00, 1.00, 0.00, 0.00, 255, 254, 1.00, 0.01, 0.00, 0.00, 0.00, 0.00, 0.00, 0.00
Intrusion
0, 301, 2123, 0, 0, 0, 0, 0, 1, 0, 0, 0, 0, 0, 0, 0, 0, 0, 0, 5, 16, 0.00, 0.00, 0.00, 0.00, 1.00, 0.00, 0.12, 69, 255, 1.00, 0.00, 0.01, 0.06, 0.00, 0.00, 0.00, 0.00
Intrusion
0, 226, 1404, 0, 0, 0, 0, 0, 1, 0, 0, 0, 0, 0, 0, 0, 0, 0, 0, 3, 3, 0.00, 0.00, 0.00, 0.00, 1.00, 0.00, 0.00, 39, 255, 1.00, 0.00, 0.03, 0.01, 0.00, 0.00, 0.00, 0.00
Intrusion
0, 197, 772, 0, 0, 0, 0, 0, 1, 0, 0, 0, 0, 0, 0, 0, 0, 0, 0, 5, 5, 0.00, 0.00, 0.00, 0.00, 1.00, 0.00, 0.00, 5, 231, 1.00, 0.00, 0.20, 0.04, 0.00, 0.00, 0.00, 0.00
Intrusion
0, 105, 147, 0, 0, 0, 0, 0, 0, 0, 0, 0, 0, 0, 0, 0, 0, 0, 0, 2, 2, 0.00, 0.00, 0.00, 0.00, 1.00, 0.00, 0.00, 255, 254, 1.00, 0.01, 0.00, 0.00, 0.00, 0.00, 0.00, 0.00
Intrusion
0, 234, 6740, 0, 0, 0, 0, 0, 1, 0, 0, 0, 0, 0, 0, 0, 0, 0, 0, 16, 23, 0.00, 0.00, 0.00, 0.00, 1.00, 0.00, 0.13, 255, 255, 1.00, 0.00, 0.00, 0.00, 0.00, 0.00, 0.00, 0.00
Intrusion
0, 105, 0, 0, 0, 0, 0, 0, 0, 0, 0, 0, 0, 0, 0, 0, 0, 0, 0, 4, 4, 0.00, 0.00, 0.00, 0.00, 1.00, 0.00, 0.00, 255, 255, 1.00, 0.00, 0.01, 0.00, 0.00, 0.00, 0.00, 0.00
Intrusion
0, 105, 146, 0, 0, 0, 0, 0, 0, 0, 0, 0, 0, 0, 0, 0, 0, 0, 0, 1, 1, 0.00, 0.00, 0.00, 0.00, 1.00, 0.00, 0.00, 255, 254, 1.00, 0.01, 0.00, 0.00, 0.00, 0.00, 0.00, 0.00
Intrusion
0, 105, 0, 0, 0, 0, 0, 0, 0, 0, 0, 0, 0, 0, 0, 0, 0, 0, 0, 1, 1, 0.00, 0.00, 0.00, 0.00, 1.00, 0.00, 0.00, 255, 251, 0.98, 0.01, 0.00, 0.00, 0.00, 0.00, 0.00, 0.00
Intrusion
0, 226, 301, 0, 0, 0, 0, 0, 1, 0, 0, 0, 0, 0, 0, 0, 0, 0, 0, 2, 22, 0.00, 0.05, 0.00, 0.00, 1.00, 0.00, 0.18, 48, 255, 1.00, 0.00, 0.02, 0.02, 0.00, 0.00, 0.00, 0.00
Intrusion
0, 276, 9586, 0, 0, 0, 0, 0, 1, 0, 0, 0, 0, 0, 0, 0, 0, 0, 0, 1, 2, 0.00, 0.00, 0.00, 0.00, 1.00, 0.00, 1.00, 6, 255, 1.00, 0.00, 0.17, 0.01, 0.00, 0.00, 0.00, 0.00
Intrusion
0, 2074, 329, 0, 0, 0, 0, 0, 1, 0, 0, 0, 0, 0, 0, 0, 0, 0, 0, 1, 1, 0.00, 0.00, 0.00, 0.00, 1.00, 0.00, 0.00, 106, 187, 0.77, 0.05, 0.01, 0.01, 0.00, 0.00, 0.00, 0.00
Intrusion
4, 30, 93, 0, 0, 0, 0, 0, 1, 0, 0, 0, 0, 0, 0, 0, 0, 0, 0, 1, 1, 0.00, 0.00, 0.00, 0.00, 1.00, 0.00, 0.00, 255, 255, 1.00, 0.00, 0.00, 0.00, 0.00, 0.00, 0.00, 0.00
Intrusion
0, 299, 1240, 0, 0, 0, 0, 0, 1, 0, 0, 0, 0, 0, 0, 0, 0, 0, 0, 12, 38, 0.00, 0.00, 0.00, 0.00, 1.00, 0.00, 0.08, 54, 255, 1.00, 0.00, 0.02, 0.05, 0.00, 0.00, 0.00, 0.00
Intrusion
0, 227, 1108, 0, 0, 0, 0, 0, 1, 0, 0, 0, 0, 0, 0, 0, 0, 0, 0, 15, 15, 0.00, 0.00, 0.00, 0.00, 1.00, 0.00, 0.00, 255, 255, 1.00, 0.00, 0.00, 0.00, 0.00, 0.00, 0.00, 0.00
Intrusion
0, 291, 2618, 0, 0, 0, 0, 0, 1, 0, 0, 0, 0, 0, 0, 0, 0, 0, 0, 13, 14, 0.00, 0.00, 0.00, 0.00, 1.00, 0.00, 0.14, 48, 247, 1.00, 0.00, 0.02, 0.02, 0.00, 0.00, 0.00, 0.00
Intrusion
0, 294, 267, 0, 0, 0, 0, 0, 1, 0, 0, 0, 0, 0, 0, 0, 0, 0, 0, 23, 23, 0.00, 0.00, 0.00, 0.00, 1.00, 0.00, 0.00, 228, 255, 1.00, 0.00, 0.00, 0.01, 0.00, 0.00, 0.00, 0.00
Intrusion
0, 230, 2648, 0, 0, 0, 0, 0, 1, 0, 0, 0, 0, 0, 0, 0, 0, 0, 0, 26, 27, 0.00, 0.00, 0.00, 0.00, 1.00, 0.00, 0.07, 255, 255, 1.00, 0.00, 0.00, 0.00, 0.00, 0.00, 0.00, 0.00
Intrusion
0, 46, 0, 0, 0, 0, 0, 0, 0, 0, 0, 0, 0, 0, 0, 0, 0, 0, 0, 4, 4, 0.00, 0.00, 0.00, 0.00, 1.00, 0.00, 0.00, 255, 254, 1.00, 0.01, 0.01, 0.00, 0.00, 0.00, 0.00, 0.00
Intrusion
0, 32, 32, 0, 0, 0, 0, 0, 0, 0, 0, 0, 0, 0, 0, 0, 0, 0, 0, 1, 2, 0.00, 0.00, 0.00, 0.00, 1.00, 0.00, 1.00, 255, 253, 0.99, 0.01, 0.00, 0.00, 0.00, 0.00, 0.00, 0.00
Intrusion
0, 221, 3127, 0, 0, 0, 0, 0, 1, 0, 0, 0, 0, 0, 0, 0, 0, 0, 0, 8, 8, 0.00, 0.00, 0.00, 0.00, 1.00, 0.00, 0.00, 255, 255, 1.00, 0.00, 0.00, 0.00, 0.00, 0.00, 0.00, 0.00
Intrusion
0, 105, 146, 0, 0, 0, 0, 0, 0, 0, 0, 0, 0, 0, 0, 0, 0, 0, 0, 2, 2, 0.00, 0.00, 0.00, 0.00, 1.00, 0.00, 0.00, 255, 253, 0.99, 0.01, 0.00, 0.00, 0.00, 0.00, 0.00, 0.00
Intrusion
0, 224, 2531, 0, 0, 0, 0, 0, 1, 0, 0, 0, 0, 0, 0, 0, 0, 0, 0, 10, 10, 0.00, 0.00, 0.00, 0.00, 1.00, 0.00, 0.00, 255, 255, 1.00, 0.00, 0.00, 0.00, 0.00, 0.00, 0.00, 0.00
Intrusion
0, 105, 147, 0, 0, 0, 0, 0, 0, 0, 0, 0, 0, 0, 0, 0, 0, 0, 0, 1, 1, 0.00, 0.00, 0.00, 0.00, 1.00, 0.00, 0.00, 255, 253, 0.99, 0.01, 0.00, 0.00, 0.00, 0.00, 0.00, 0.00
Intrusion
4, 32, 93, 0, 0, 0, 0, 0, 1, 0, 0, 0, 0, 0, 0, 0, 0, 0, 0, 1, 1, 0.00, 0.00, 0.00, 0.00, 1.00, 0.00, 0.00, 255, 163, 0.64, 0.02, 0.00, 0.00, 0.00, 0.00, 0.13, 0.00
Intrusion
4, 28, 93, 0, 0, 0, 0, 0, 1, 0, 0, 0, 0, 0, 0, 0, 0, 0, 0, 1, 1, 0.00, 0.00, 0.00, 0.00, 1.00, 0.00, 0.00, 255, 217, 0.85, 0.04, 0.00, 0.00, 0.00, 0.00, 0.00, 0.00
Intrusion
0, 248, 572, 0, 0, 0, 0, 0, 1, 0, 0, 0, 0, 0, 0, 0, 0, 0, 0, 15, 28, 0.00, 0.00, 0.00, 0.00, 1.00, 0.00, 0.11, 63, 255, 1.00, 0.00, 0.02, 0.03, 0.00, 0.00, 0.00, 0.00
Intrusion
0, 242, 586, 0, 0, 0, 0, 0, 1, 0, 0, 0, 0, 0, 0, 0, 0, 0, 0, 1, 3, 0.00, 0.00, 0.00, 0.00, 1.00, 0.00, 1.00, 36, 255, 1.00, 0.00, 0.03, 0.01, 0.00, 0.00, 0.00, 0.00
Intrusion
0, 210, 14735, 0, 0, 0, 0, 0, 1, 0, 0, 0, 0, 0, 0, 0, 0, 0, 0, 1, 1, 0.00, 0.00, 0.00, 0.00, 1.00, 0.00, 0.00, 255, 255, 1.00, 0.00, 0.00, 0.00, 0.00, 0.00, 0.00, 0.00
Intrusion
0, 210, 15562, 0, 0, 0, 0, 0, 1, 0, 0, 0, 0, 0, 0, 0, 0, 0, 0, 5, 5, 0.00, 0.00, 0.00, 0.00, 1.00, 0.00, 0.00, 41, 255, 1.00, 0.00, 0.02, 0.04, 0.00, 0.00, 0.00, 0.00
Intrusion
0, 105, 146, 0, 0, 0, 0, 0, 0, 0, 0, 0, 0, 0, 0, 0, 0, 0, 0, 1, 1, 0.00, 0.00, 0.00, 0.00, 1.00, 0.00, 0.00, 255, 254, 1.00, 0.01, 0.00, 0.00, 0.00, 0.00, 0.00, 0.00
Intrusion
0, 290, 397, 0, 0, 0, 0, 0, 1, 0, 0, 0, 0, 0, 0, 0, 0, 0, 0, 43, 43, 0.00, 0.00, 0.00, 0.00, 1.00, 0.00, 0.00, 255, 255, 1.00, 0.00, 0.00, 0.00, 0.00, 0.00, 0.00, 0.00
Intrusion
0, 184, 870, 0, 0, 0, 0, 0, 1, 0, 0, 0, 0, 0, 0, 0, 0, 0, 0, 10, 10, 0.00, 0.00, 0.00, 0.00, 1.00, 0.00, 0.00, 255, 255, 1.00, 0.00, 0.00, 0.00, 0.00, 0.00, 0.00, 0.00
Intrusion
0, 226, 963, 0, 0, 0, 0, 0, 1, 0, 0, 0, 0, 0, 0, 0, 0, 0, 0, 12, 22, 0.00, 0.00, 0.00, 0.00, 1.00, 0.00, 0.18, 108, 255, 1.00, 0.00, 0.01, 0.02, 0.00, 0.00, 0.00, 0.00
Intrusion
0, 34, 94, 0, 0, 0, 0, 0, 0, 0, 0, 0, 0, 0, 0, 0, 0, 0, 0, 2, 3, 0.00, 0.00, 0.00, 0.00, 1.00, 0.00, 0.67, 45, 31, 0.69, 0.04, 0.04, 0.00, 0.00, 0.00, 0.00, 0.00
Intrusion
0, 229, 11079, 0, 0, 0, 0, 0, 1, 0, 0, 0, 0, 0, 0, 0, 0, 0, 0, 21, 21, 0.00, 0.00, 0.00, 0.00, 1.00, 0.00, 0.00, 255, 255, 1.00, 0.00, 0.00, 0.00, 0.00, 0.00, 0.00, 0.00
Intrusion
0, 105, 146, 0, 0, 0, 0, 0, 0, 0, 0, 0, 0, 0, 0, 0, 0, 0, 0, 1, 1, 0.00, 0.00, 0.00, 0.00, 1.00, 0.00, 0.00, 255, 254, 1.00, 0.01, 0.00, 0.00, 0.00, 0.00, 0.00, 0.00
Intrusion
0, 105, 0, 0, 0, 0, 0, 0, 0, 0, 0, 0, 0, 0, 0, 0, 0, 0, 0, 1, 1, 0.00, 0.00, 0.00, 0.00, 1.00, 0.00, 0.00, 255, 253, 0.99, 0.01, 0.00, 0.00, 0.00, 0.00, 0.00, 0.00
Intrusion
0, 105, 147, 0, 0, 0, 0, 0, 0, 0, 0, 0, 0, 0, 0, 0, 0, 0, 0, 1, 1, 0.00, 0.00, 0.00, 0.00, 1.00, 0.00, 0.00, 255, 252, 0.99, 0.01, 0.00, 0.00, 0.00, 0.00, 0.00, 0.00
Intrusion
0, 223, 5150, 0, 0, 0, 0, 0, 1, 0, 0, 0, 0, 0, 0, 0, 0, 0, 0, 6, 11, 0.00, 0.00, 0.00, 0.00, 1.00, 0.00, 0.27, 22, 255, 1.00, 0.00, 0.05, 0.02, 0.00, 0.00, 0.00, 0.00
Intrusion
0, 339, 1494, 0, 0, 0, 0, 0, 1, 0, 0, 0, 0, 0, 0, 0, 0, 0, 0, 4, 5, 0.00, 0.00, 0.00, 0.00, 1.00, 0.00, 0.40, 255, 255, 1.00, 0.00, 0.00, 0.00, 0.00, 0.00, 0.00, 0.00
Intrusion
0, 105, 0, 0, 0, 0, 0, 0, 0, 0, 0, 0, 0, 0, 0, 0, 0, 0, 0, 4, 4, 0.00, 0.00, 0.00, 0.00, 1.00, 0.00, 0.00, 255, 253, 0.99, 0.01, 0.01, 0.00, 0.00, 0.00, 0.00, 0.00
Intrusion
0, 300, 1543, 0, 0, 0, 0, 0, 1, 0, 0, 0, 0, 0, 0, 0, 0, 0, 0, 8, 19, 0.00, 0.00, 0.00, 0.00, 1.00, 0.00, 0.16, 190, 255, 1.00, 0.00, 0.01, 0.02, 0.00, 0.00, 0.00, 0.00
Intrusion
1, 2599, 293, 0, 0, 0, 0, 0, 1, 0, 0, 0, 0, 0, 0, 0, 0, 0, 0, 2, 2, 0.00, 0.00, 0.00, 0.00, 1.00, 0.00, 0.00, 255, 245, 0.96, 0.04, 0.00, 0.00, 0.00, 0.00, 0.03, 0.00
Intrusion
0, 105, 146, 0, 0, 0, 0, 0, 0, 0, 0, 0, 0, 0, 0, 0, 0, 0, 0, 1, 1, 0.00, 0.00, 0.00, 0.00, 1.00, 0.00, 0.00, 255, 253, 0.99, 0.01, 0.00, 0.00, 0.00, 0.00, 0.00, 0.00
Intrusion
0, 43, 0, 0, 0, 0, 0, 0, 0, 0, 0, 0, 0, 0, 0, 0, 0, 0, 0, 4, 4, 0.00, 0.00, 0.00, 0.00, 1.00, 0.00, 0.00, 255, 253, 0.99, 0.01, 0.00, 0.00, 0.00, 0.00, 0.00, 0.00
Intrusion
0, 226, 2939, 0, 0, 0, 0, 0, 1, 0, 0, 0, 0, 0, 0, 0, 0, 0, 0, 6, 13, 0.00, 0.00, 0.00, 0.00, 1.00, 0.00, 0.15, 188, 255, 1.00, 0.00, 0.01, 0.03, 0.00, 0.00, 0.00, 0.00
Intrusion
0, 105, 146, 0, 0, 0, 0, 0, 0, 0, 0, 0, 0, 0, 0, 0, 0, 0, 0, 1, 1, 0.00, 0.00, 0.00, 0.00, 1.00, 0.00, 0.00, 255, 254, 1.00, 0.01, 0.00, 0.00, 0.00, 0.00, 0.00, 0.00
Intrusion
5, 30, 93, 0, 0, 0, 0, 0, 1, 0, 0, 0, 0, 0, 0, 0, 0, 0, 0, 1, 1, 0.00, 0.00, 0.00, 0.00, 1.00, 0.00, 0.00, 255, 246, 0.96, 0.01, 0.00, 0.00, 0.00, 0.00, 0.00, 0.00
Intrusion
0, 219, 467, 0, 0, 0, 0, 0, 1, 0, 0, 0, 0, 0, 0, 0, 0, 0, 0, 13, 15, 0.00, 0.00, 0.00, 0.00, 1.00, 0.00, 0.20, 255, 255, 1.00, 0.00, 0.00, 0.00, 0.00, 0.00, 0.00, 0.00
Intrusion
4, 30, 93, 0, 0, 0, 0, 0, 1, 0, 0, 0, 0, 0, 0, 0, 0, 0, 0, 1, 1, 0.00, 0.00, 0.00, 0.00, 1.00, 0.00, 0.00, 255, 251, 0.98, 0.01, 0.00, 0.00, 0.00, 0.00, 0.00, 0.00
Intrusion
0, 161, 34405, 0, 0, 0, 0, 0, 1, 0, 0, 0, 0, 0, 0, 0, 0, 0, 0, 1, 1, 0.00, 0.00, 0.00, 0.00, 1.00, 0.00, 0.00, 255, 255, 1.00, 0.00, 0.00, 0.00, 0.00, 0.00, 0.00, 0.00
Intrusion
0, 10272, 0, 0, 0, 0, 0, 0, 0, 0, 0, 0, 0, 0, 0, 0, 0, 0, 0, 8, 8, 0.00, 0.00, 0.00, 0.00, 1.00, 0.00, 0.00, 255, 18, 0.07, 0.03, 0.07, 0.00, 0.00, 0.00, 0.00, 0.00
Intrusion
0, 220, 4859, 0, 0, 0, 0, 0, 1, 0, 0, 0, 0, 0, 0, 0, 0, 0, 0, 6, 6, 0.00, 0.00, 0.00, 0.00, 1.00, 0.00, 0.00, 6, 251, 1.00, 0.00, 0.17, 0.05, 0.00, 0.00, 0.00, 0.00
Intrusion
0, 185, 13586, 0, 0, 0, 0, 0, 1, 0, 0, 0, 0, 0, 0, 0, 0, 0, 0, 4, 4, 0.00, 0.00, 0.00, 0.00, 1.00, 0.00, 0.00, 17, 255, 1.00, 0.00, 0.06, 0.02, 0.00, 0.00, 0.00, 0.00
Intrusion
0, 105, 0, 0, 0, 0, 0, 0, 0, 0, 0, 0, 0, 0, 0, 0, 0, 0, 0, 1, 1, 0.00, 0.00, 0.00, 0.00, 1.00, 0.00, 0.00, 255, 253, 0.99, 0.01, 0.00, 0.00, 0.00, 0.00, 0.00, 0.00
Intrusion
0, 105, 105, 0, 0, 0, 0, 0, 0, 0, 0, 0, 0, 0, 0, 0, 0, 0, 0, 3, 3, 0.00, 0.00, 0.00, 0.00, 1.00, 0.00, 0.00, 255, 255, 1.00, 0.00, 0.00, 0.00, 0.00, 0.00, 0.00, 0.00
Intrusion
0, 249, 258, 0, 0, 0, 0, 0, 1, 0, 0, 0, 0, 0, 0, 0, 0, 0, 0, 5, 7, 0.00, 0.00, 0.00, 0.00, 1.00, 0.00, 0.29, 193, 255, 1.00, 0.00, 0.01, 0.01, 0.00, 0.00, 0.00, 0.00
Intrusion
0, 318, 1952, 0, 0, 0, 0, 0, 1, 0, 0, 0, 0, 0, 0, 0, 0, 0, 0, 17, 17, 0.00, 0.00, 0.00, 0.00, 1.00, 0.00, 0.00, 255, 255, 1.00, 0.00, 0.00, 0.00, 0.00, 0.00, 0.00, 0.00
Intrusion
4, 32, 93, 0, 0, 0, 0, 0, 1, 0, 0, 0, 0, 0, 0, 0, 0, 0, 0, 1, 1, 0.00, 0.00, 0.00, 0.00, 1.00, 0.00, 0.00, 255, 236, 0.93, 0.01, 0.00, 0.00, 0.00, 0.00, 0.04, 0.00
Intrusion
0, 125, 174, 0, 0, 0, 0, 1, 0, 0, 0, 0, 0, 0, 0, 0, 0, 0, 0, 1, 1, 0.00, 0.00, 0.00, 0.00, 1.00, 0.00, 0.00, 255, 255, 1.00, 0.00, 0.00, 0.00, 0.00, 0.00, 0.02, 0.02
Intrusion
0, 36, 0, 0, 0, 0, 0, 0, 0, 0, 0, 0, 0, 0, 0, 0, 0, 0, 0, 1, 1, 0.00, 0.00, 0.00, 0.00, 1.00, 0.00, 0.00, 186, 42, 0.23, 0.04, 0.23, 0.00, 0.00, 0.00, 0.00, 0.00
Intrusion
0, 282, 1101, 0, 0, 0, 0, 0, 1, 0, 0, 0, 0, 0, 0, 0, 0, 0, 0, 11, 11, 0.00, 0.00, 0.00, 0.00, 1.00, 0.00, 0.00, 60, 255, 1.00, 0.00, 0.02, 0.02, 0.00, 0.00, 0.00, 0.00
Intrusion
0, 105, 146, 0, 0, 0, 0, 0, 0, 0, 0, 0, 0, 0, 0, 0, 0, 0, 0, 2, 2, 0.00, 0.00, 0.00, 0.00, 1.00, 0.00, 0.00, 255, 254, 1.00, 0.01, 0.00, 0.00, 0.00, 0.00, 0.00, 0.00
Intrusion
0, 105, 0, 0, 0, 0, 0, 0, 0, 0, 0, 0, 0, 0, 0, 0, 0, 0, 0, 1, 1, 0.00, 0.00, 0.00, 0.00, 1.00, 0.00, 0.00, 255, 253, 0.99, 0.01, 0.00, 0.00, 0.00, 0.00, 0.00, 0.00
Intrusion
0, 105, 146, 0, 0, 0, 0, 0, 0, 0, 0, 0, 0, 0, 0, 0, 0, 0, 0, 1, 1, 0.00, 0.00, 0.00, 0.00, 1.00, 0.00, 0.00, 255, 254, 1.00, 0.01, 0.00, 0.00, 0.00, 0.00, 0.00, 0.00
Intrusion
0, 248, 1073, 0, 0, 0, 0, 0, 1, 0, 0, 0, 0, 0, 0, 0, 0, 0, 0, 20, 20, 0.00, 0.00, 0.00, 0.00, 1.00, 0.00, 0.00, 55, 255, 1.00, 0.00, 0.02, 0.02, 0.00, 0.00, 0.00, 0.00
Intrusion
0, 242, 11249, 0, 0, 0, 0, 0, 1, 0, 0, 0, 0, 0, 0, 0, 0, 0, 0, 1, 2, 0.00, 0.00, 0.00, 0.00, 1.00, 0.00, 1.00, 7, 255, 1.00, 0.00, 0.14, 0.01, 0.00, 0.00, 0.00, 0.00
Intrusion
0, 105, 147, 0, 0, 0, 0, 0, 0, 0, 0, 0, 0, 0, 0, 0, 0, 0, 0, 1, 1, 0.00, 0.00, 0.00, 0.00, 1.00, 0.00, 0.00, 255, 254, 1.00, 0.01, 0.00, 0.00, 0.00, 0.00, 0.00, 0.00
Intrusion
0, 44, 44, 0, 0, 0, 0, 0, 0, 0, 0, 0, 0, 0, 0, 0, 0, 0, 0, 2, 5, 0.00, 0.00, 0.00, 0.00, 1.00, 0.00, 0.60, 255, 231, 0.91, 0.01, 0.01, 0.00, 0.00, 0.00, 0.06, 0.00
Intrusion
0, 236, 2312, 0, 0, 0, 0, 0, 1, 0, 0, 0, 0, 0, 0, 0, 0, 0, 0, 3, 3, 0.00, 0.00, 0.00, 0.00, 1.00, 0.00, 0.00, 20, 255, 1.00, 0.00, 0.05, 0.05, 0.00, 0.00, 0.00, 0.00
Intrusion
1, 2599, 293, 0, 0, 0, 0, 0, 1, 0, 0, 0, 0, 0, 0, 0, 0, 0, 0, 2, 2, 0.00, 0.00, 0.00, 0.00, 1.00, 0.00, 0.00, 255, 245, 0.96, 0.04, 0.00, 0.00, 0.00, 0.00, 0.04, 0.00
Intrusion
0, 105, 146, 0, 0, 0, 0, 0, 0, 0, 0, 0, 0, 0, 0, 0, 0, 0, 0, 1, 1, 0.00, 0.00, 0.00, 0.00, 1.00, 0.00, 0.00, 255, 254, 1.00, 0.01, 0.00, 0.00, 0.00, 0.00, 0.00, 0.00
Intrusion
1, 2599, 293, 0, 0, 0, 0, 0, 1, 0, 0, 0, 0, 0, 0, 0, 0, 0, 0, 2, 2, 0.00, 0.00, 0.00, 0.00, 1.00, 0.00, 0.00, 255, 247, 0.97, 0.04, 0.00, 0.00, 0.00, 0.00, 0.03, 0.00
Intrusion
0, 409, 10122, 0, 0, 0, 0, 0, 1, 0, 0, 0, 0, 0, 0, 0, 0, 0, 0, 1, 4, 0.00, 0.00, 0.00, 0.00, 1.00, 0.00, 0.75, 7, 255, 1.00, 0.00, 0.14, 0.04, 0.00, 0.00, 0.00, 0.00
Intrusion
0, 231, 548, 0, 0, 0, 0, 0, 1, 0, 0, 0, 0, 0, 0, 0, 0, 0, 0, 1, 1, 0.00, 0.00, 0.00, 0.00, 1.00, 0.00, 0.00, 12, 255, 1.00, 0.00, 0.08, 0.05, 0.00, 0.00, 0.00, 0.00
Intrusion
0, 335, 785, 0, 0, 0, 0, 0, 1, 0, 0, 0, 0, 0, 0, 0, 0, 0, 0, 9, 9, 0.00, 0.00, 0.00, 0.00, 1.00, 0.00, 0.00, 255, 255, 1.00, 0.00, 0.00, 0.00, 0.00, 0.00, 0.00, 0.00
Intrusion
0, 42, 42, 0, 0, 0, 0, 0, 0, 0, 0, 0, 0, 0, 0, 0, 0, 0, 0, 3, 3, 0.00, 0.00, 0.00, 0.00, 1.00, 0.00, 0.00, 255, 254, 1.00, 0.01, 0.01, 0.00, 0.00, 0.00, 0.00, 0.00
Intrusion
0, 298, 3243, 0, 0, 0, 0, 0, 1, 0, 0, 0, 0, 0, 0, 0, 0, 0, 0, 6, 6, 0.00, 0.00, 0.00, 0.00, 1.00, 0.00, 0.00, 39, 255, 1.00, 0.00, 0.03, 0.02, 0.00, 0.00, 0.00, 0.00
Intrusion
